bpw   (m, 360)

[1]: 2011/12/03     3.00  


     1.0                   0.000    0.00    0.00         
     1.0                   0.573  292.07    3.95  [1]    
     1.0                   1.293  106.16    1.52  [1]    
     1.0                   1.050  112.47   59.68  [1]    
     1.0                   0.550  279.71  -86.63  [1]    
     1.0         1.1       3.936   23.02   11.05  [1]    
     1.0         1.1       3.927   22.87   11.18  [1]    
     1.0         1.1       3.924   22.44   11.19  [1]    
     1.1                   0.973  277.61   -0.15  [1]    
     1.1                   0.905  106.38  -14.45  [1]    
     1.1                   1.358  159.35  -86.25  [1]    
     1.1                   1.100  265.60   56.52  [1]    
     1.1         1.2       4.835   23.93   11.06  [1]    "stn 1.2 in centre of chamber"
     1.1         1.2       4.829   23.70   11.21  [1]    
     1.1         1.2       4.832   24.08   11.07  [1]    
     1.2                   5.837  103.30   20.21  [1]    
     1.2                   5.092  280.18   21.67  [1]    
     1.2                   7.127    1.22   78.62  [1]    
     1.2                   0.558   61.29  -78.29  [1]    
     1.2                   2.910  271.68    4.19  [1]    
     1.2                   3.388  271.58   53.92  [1]    
     1.2                  14.211  115.26   58.80  [1]    
     1.2                   4.186  220.31    0.08  [1]    
     1.2                   4.144  197.39   -6.70  [1]    
     1.2                   5.826  120.77    3.51  [1]    
     1.2         1.3       7.904   14.69  -16.58  [1]    
     1.2         1.3       7.906   14.80  -16.69  [1]    
     1.2         1.3       7.905   14.88  -16.58  [1]    
     1.3                   3.253  254.54    8.14  [1]    
     1.3                   0.773  175.82  -82.13  [1]    
     1.3                   0.241  171.40   -0.49  [1]    
     1.3                   7.870  158.01   82.53  [1]    
     1.3                   6.523  263.97   43.92  [1]    
     1.3                   5.341  272.81  -14.39  [1]    
     1.3                   2.560  141.59    9.44  [1]    
     1.4         1.3       8.749  158.45   25.03  [1]    "stn 1.4=Low wet continuation"
     1.4         1.3       8.764  158.67   25.55  [1]    
     1.4         1.3       8.770  158.63   25.58  [1]    
     1.4                   0.601  276.26    5.50  [1]    
     1.4                   1.879  172.30   81.36  [1]    
     1.4                   1.780   94.35    7.95  [1]    
     1.4                   1.208   70.24  -78.81  [1]    
     1.4                   2.859  355.60  -24.96  [1]    
     1.4                   2.730   16.22  -28.55  [1]    
     1.4                   3.456   54.70    5.80  [1]    
     1.4                   6.637  151.41   21.55  [1]    
     1.2                   0.000    0.00    0.00  [1]    
     1.2         1.5       0.755   42.54   16.99  [1]    "stn 1.5 created just to attach x-section  to along length of chamber"
     1.2         1.5       0.755   42.52   17.20  [1]    
     1.2         1.5       0.757   42.28   17.28  [1]    
     1.5                   7.844  186.82    7.87  [1]    
     1.5                   0.716  303.14  -78.68  [1]    
     1.5                  12.529  187.38   21.51  [1]    
     1.5                   5.934  183.47   63.80  [1]    
     1.5                  14.508  171.96   67.77  [1]    
     1.5                   8.657   60.85   72.03  [1]    
     1.5                   7.081   21.55   51.15  [1]    
     1.5                  21.057   10.35    8.08  [1]    
     1.5                  20.845   10.43    8.38  [1]    
     1.5                  13.997  350.23  -25.86  [1]    
     1.5                  20.828   10.29    8.38  [1]    
     1.2                   0.000    0.00    0.00  [1]    
     1.2         1.6       4.969  156.12   18.01  [1]    
     1.2         1.6       4.968  156.24   17.98  [1]    
     1.2         1.6       4.972  155.98   18.12  [1]    
     1.6                   2.710  101.24   -9.62  [1]    
     1.6                   1.258  110.39   19.56  [1]    
     1.6                   1.305  127.92   24.27  [1]    
     1.6                   4.808  265.44    2.97  [1]    
     1.6                   4.348  134.98   82.75  [1]    
     1.6                   0.648   74.04  -81.23  [1]    
     1.6                   6.231  225.76   10.30  [1]    
     1.6         1.7       7.836  210.17   19.32  [1]    
     1.6         1.7       7.838  210.35   19.25  [1]    
     1.6         1.7       7.834  210.34   19.33  [1]    
     1.7                   1.525  108.81   -5.28  [1]    
     1.7                   0.579   90.98   86.04  [1]    
     1.7                   1.630  253.70  -76.94  [1]    
     1.7                   5.690  101.85  -20.66  [1]    
     1.7         1.8       4.763  178.56   -9.48  [1]    "crawl continues beyond stn 1.8. Exit is up chimney."
     1.7         1.8       4.746  178.64   -9.51  [1]    
     1.7         1.8       4.743  178.40   -9.56  [1]    
     1.8                   1.332  286.16    4.97  [1]    
     1.8                   1.540  313.97   81.66  [1]    
     1.8                   1.766  179.15  -87.65  [1]    
     1.8                   3.710  293.93  -18.93  [1]    
     1.8                   3.922   96.58  -20.44  [1]    
