TRIP
DATE 2011-12-03 
DECLINATION     3.00
DATA
1.0		292.04	3.90	0.573	>
1.0		106.15	1.51	1.293	>
1.0		112.50	59.69	1.049	>
1.0		279.73	-86.69	0.550	>
1.0	1.1	22.77	11.13	3.928	>
1.1		277.61	-0.18	0.973	>
1.1		106.41	-14.47	0.904	>
1.1		159.38	-86.23	1.358	>
1.1		265.59	56.49	1.100	>
1.1	1.2	23.90	11.11	4.832	>
1.2		103.30	20.20	5.837	>
1.2		280.18	21.67	5.091	>
1.2		1.24	78.62	7.127	>
1.2		61.34	-78.29	0.558	>
1.2		271.69	4.20	2.910	>
1.2		271.57	53.92	3.388	>
1.2		115.27	58.80	14.211	>
1.2		220.32	0.08	4.186	>
1.2		197.39	-6.69	4.144	>
1.2		120.77	3.51	5.826	>
1.2	1.3	14.79	-16.62	7.904	>
1.3		254.54	8.13	3.253	>
1.3		175.92	-82.12	0.773	>
1.3		171.29	-0.48	0.241	>
1.3		158.00	82.53	7.870	>
1.3		263.98	43.92	6.523	>
1.3		272.80	-14.39	5.341	>
1.3		141.59	9.44	2.560	>
1.4	1.3	158.59	25.39	8.760	>
1.4		276.24	5.54	0.601	>
1.4		172.32	81.37	1.879	>
1.4		94.33	7.94	1.780	>
1.4		70.35	-78.84	1.208	>
1.4		355.61	-24.95	2.859	>
1.4		16.21	-28.56	2.730	>
1.4		54.70	5.80	3.456	>
1.4		151.40	21.55	6.637	>
1.2	1.5	42.45	17.18	0.755	>
1.5		186.82	7.87	7.844	>
1.5		303.06	-78.64	0.716	>
1.5		187.38	21.51	12.529	>
1.5		183.47	63.80	5.934	>
1.5		171.96	67.77	14.508	>
1.5		60.86	72.03	8.657	>
1.5		21.56	51.15	7.081	>
1.5		10.35	8.08	21.057	>
1.5		10.43	8.38	20.845	>
1.5		350.23	-25.85	13.997	>
1.5		10.29	8.38	20.828	>
1.2	1.6	156.12	18.03	4.968	>
1.6		101.23	-9.62	2.710	>
1.6		110.36	19.56	1.258	>
1.6		127.91	24.26	1.305	>
1.6		265.44	2.97	4.808	>
1.6		134.96	82.76	4.348	>
1.6		74.09	-81.25	0.648	>
1.6		225.76	10.30	6.231	>
1.6	1.7	210.28	19.30	7.835	>
1.7		108.80	-5.27	1.525	>
1.7		91.29	86.03	0.579	>
1.7		253.64	-76.95	1.630	>
1.7		101.85	-20.67	5.690	>
1.7	1.8	178.53	-9.51	4.750	>
1.8		286.13	4.95	1.332	>
1.8		314.00	81.68	1.540	>
1.8		179.39	-87.66	1.766	>
1.8		293.93	-18.94	3.709	>
1.8		96.57	-20.44	3.922	>

PLAN
STATIONS
0.000	0.000	1.0
1.676	3.471	1.1
3.821	7.699	1.2
6.135	14.911	1.3
3.635	22.420	1.4
4.335	8.205	1.5
5.505	3.285	1.6
1.447	-2.897	1.7
1.322	-7.580	1.8
15.985	-7.345	1.8
23.730	8.650	1.7
-0.195	26.410	1.4
-14.545	27.795	1.3
-9.370	2.180	1.2
-3.705	-4.570	1.0
SHOTS
1.447	-2.897	1.322	-7.580
1.322	-7.580	0.068	-7.145
1.322	-7.580	1.170	-7.417
1.322	-7.580	1.319	-7.652
1.322	-7.580	-1.806	-5.991
1.322	-7.580	4.946	-8.191
5.505	3.285	1.447	-2.897
1.447	-2.897	2.857	-3.461
1.447	-2.897	1.487	-2.900
1.447	-2.897	1.089	-2.982
1.447	-2.897	6.593	-4.261
3.821	7.699	5.505	3.285
5.505	3.285	8.095	2.628
5.505	3.285	6.593	2.815
5.505	3.285	6.404	2.506
5.505	3.285	0.705	3.154
5.505	3.285	5.872	2.878
5.505	3.285	5.601	3.307
5.505	3.285	0.895	-0.756
3.821	7.699	4.335	8.205
4.335	8.205	3.010	0.549
4.335	8.205	4.221	8.288
4.335	8.205	2.235	-3.261
4.335	8.205	4.040	5.602
4.335	8.205	4.817	2.737
4.335	8.205	6.733	9.382
4.335	8.205	6.181	12.245
4.335	8.205	9.150	28.489
4.335	8.205	9.125	28.264
4.335	8.205	2.849	20.713
4.335	8.205	9.071	28.259
6.135	14.911	3.635	22.420
3.635	22.420	3.045	22.516
3.635	22.420	3.658	22.139
3.635	22.420	5.384	22.195
3.635	22.420	3.859	22.487
3.635	22.420	3.572	25.011
3.635	22.420	4.424	24.684
3.635	22.420	6.541	24.257
3.635	22.420	6.302	16.853
3.821	7.699	6.135	14.911
6.135	14.911	2.991	14.216
6.135	14.911	6.137	14.805
6.135	14.911	6.159	14.671
6.135	14.911	6.468	13.944
6.135	14.911	1.443	14.663
6.135	14.911	0.988	15.434
6.135	14.911	7.598	12.853
1.676	3.471	3.821	7.699
3.821	7.699	9.079	6.162
3.821	7.699	-0.786	8.778
3.821	7.699	3.925	9.101
3.821	7.699	3.923	7.748
3.821	7.699	0.929	7.936
3.821	7.699	1.832	7.858
3.821	7.699	10.304	4.213
3.821	7.699	0.949	4.653
3.821	7.699	2.387	3.841
3.821	7.699	8.655	4.467
0.000	0.000	1.676	3.471
1.676	3.471	0.720	3.650
1.676	3.471	2.502	3.180
1.676	3.471	1.703	3.386
1.676	3.471	1.069	3.456
0.000	0.000	-0.518	0.242
0.000	0.000	1.221	-0.424
0.000	0.000	0.478	-0.228
0.000	0.000	-0.031	0.007
15.985	-7.345	17.250	-7.230	
15.985	-7.345	16.142	-5.821	
15.985	-7.345	15.986	-9.110	
15.985	-7.345	19.155	-8.549	
15.985	-7.345	12.346	-8.715	
23.730	8.650	22.241	8.510	
23.730	8.650	23.695	9.228	
23.730	8.650	23.983	7.062	
23.730	8.650	18.676	6.642	
-0.195	26.410	-0.724	26.468	
-0.195	26.410	-0.263	28.268	
-0.195	26.410	1.391	26.656	
-0.195	26.410	0.039	25.225	
-0.195	26.410	0.569	25.204	
-0.195	26.410	1.274	25.105	
-0.195	26.410	3.144	26.759	
-0.195	26.410	0.562	28.848	
-14.545	27.795	-17.694	28.255	
-14.545	27.795	-14.544	27.029	
-14.545	27.795	-14.523	27.793	
-14.545	27.795	-14.219	35.598	
-14.545	27.795	-19.239	32.320	
-14.545	27.795	-19.688	26.468	
-14.545	27.795	-13.097	28.215	
-9.370	2.180	-3.986	4.196	
-9.370	2.180	-13.966	4.060	
-9.370	2.180	-9.913	9.167	
-9.370	2.180	-9.301	1.634	
-9.370	2.180	-12.056	2.393	
-9.370	2.180	-11.215	4.918	
-9.370	2.180	-2.011	14.336	
-9.370	2.180	-10.551	2.186	
-9.370	2.180	-8.901	1.697	
-9.370	2.180	-3.596	2.537	
-3.705	-4.570	-4.277	-4.531	
-3.705	-4.570	-2.421	-4.536	
-3.705	-4.570	-3.175	-3.664	
-3.705	-4.570	-3.736	-5.119	
POLYLINE GREEN
10.335	4.855
POLYLINE GREEN
17.165	-7.575
17.265	-7.675
17.345	-7.715
17.385	-7.695
17.545	-7.735
17.645	-7.735
17.805	-7.775
17.885	-7.795
17.925	-7.775
18.005	-7.815
18.045	-7.795
18.125	-7.815
18.165	-7.855
18.245	-7.835
18.285	-7.855
18.365	-7.835
18.585	-7.615
18.605	-7.435
18.625	-7.395
18.605	-7.255
18.605	-6.435
18.625	-6.215
18.625	-5.335
18.605	-5.295
POLYLINE GREEN
18.905	-8.775
19.085	-8.635
19.305	-8.375
19.365	-8.255
19.425	-8.015
19.465	-7.915
19.465	-7.755
19.605	-7.115
19.745	-5.355
POLYLINE GREEN
15.625	-7.275
15.625	-7.355
15.585	-7.395
15.585	-7.455
15.525	-7.535
15.485	-7.635
15.245	-7.875
15.165	-7.895
15.005	-7.995
14.965	-8.035
14.865	-8.035
14.745	-8.115
14.645	-8.135
14.565	-8.155
14.385	-8.195
14.185	-8.255
14.085	-8.255
13.965	-8.335
13.905	-8.335
13.785	-8.395
13.565	-8.455
13.425	-8.535
13.385	-8.535
13.305	-8.595
13.265	-8.575
12.845	-8.715
12.765	-8.735
12.705	-8.775
12.665	-8.775
12.625	-8.815
12.545	-8.835
12.425	-8.935
12.145	-9.115
11.965	-9.295
11.885	-9.455
11.845	-9.675
11.885	-9.715
11.885	-9.755
12.065	-9.935
12.165	-10.015
12.205	-10.015
12.245	-10.055
12.325	-10.035
12.365	-10.075
12.445	-10.055
12.525	-10.055
13.465	-9.835
13.685	-9.755
13.865	-9.735
14.565	-9.595
15.005	-9.475
15.285	-9.435
15.765	-9.275
15.905	-9.255
15.985	-9.195
POLYLINE GREEN
17.185	-7.075
17.145	-6.955
17.145	-6.855
17.005	-6.475
16.345	-5.815
16.245	-5.795
16.125	-5.755
15.905	-5.835
15.885	-5.895
15.765	-6.015
15.605	-6.395
15.565	-6.615
15.565	-6.855
15.585	-6.935
15.585	-6.995
15.685	-7.295
15.705	-7.335
POLYLINE RED
15.945	-8.235
15.805	-8.375
15.585	-8.555
15.545	-8.555
15.125	-8.855
14.945	-8.915
14.365	-9.195
14.105	-9.295
13.805	-9.455
13.645	-9.495
13.465	-9.595
13.385	-9.595
13.165	-9.695
13.085	-9.695
12.965	-9.775
12.645	-9.855
12.565	-9.875
12.485	-9.895
12.445	-9.935
12.365	-9.935
12.285	-9.995
POLYLINE GREEN
15.485	-8.495
15.835	-9.245
15.935	-9.145
16.035	-9.195
16.285	-9.045
16.485	-8.995
16.785	-8.895
17.035	-8.895
17.135	-8.945
17.335	-8.895
17.635	-8.845
17.935	-8.945
18.335	-8.845
18.635	-8.895
18.735	-8.795
18.835	-8.845
18.935	-8.745
19.035	-8.795
POLYLINE GREEN
17.235	-6.745
17.285	-7.145
17.285	-7.595
17.385	-7.895
17.585	-7.945
17.685	-7.945
17.785	-8.045
17.985	-8.095
18.285	-8.195
18.785	-8.495
19.085	-8.645
19.185	-8.645
19.335	-8.845
19.435	-8.845
POLYLINE CONNECT
15.985	-7.345
1.322	-7.580
POLYLINE BROWN
-1.805	-7.165
-1.805	-7.225
-1.745	-7.375
POLYLINE BROWN
-2.045	-7.375
-2.015	-7.585
-2.015	-7.435
-1.985	-7.315
POLYLINE BROWN
-2.015	-5.995
-1.745	-6.685
-1.505	-7.135
-1.685	-7.135
-1.745	-7.075
POLYLINE BROWN
-1.745	-6.175
-1.535	-6.625
-1.535	-6.685
-1.685	-6.715
POLYLINE BROWN
-1.865	-6.085
-1.835	-6.205
-1.865	-6.295
-1.925	-6.295
POLYLINE BROWN
-2.315	-6.085
-2.225	-6.175
-2.225	-6.265
-2.165	-6.325
POLYLINE BROWN
-2.495	-6.445
-2.465	-6.565
-2.345	-6.685
-2.225	-6.715
-2.165	-6.745
POLYLINE BROWN
-2.435	-6.865
-2.285	-7.345
POLYLINE BROWN
-1.895	-5.875
-1.835	-5.905
-1.955	-5.935
-2.075	-5.935
-2.255	-6.055
-2.375	-6.295
-2.405	-6.565
-2.435	-6.685
-2.435	-6.835
-2.465	-6.955
-2.465	-7.165
-2.345	-7.495
-2.105	-7.705
-2.045	-7.675
-1.925	-7.705
-1.805	-7.675
-1.745	-7.675
-1.625	-7.555
-1.565	-7.555
-1.445	-7.375
-1.385	-6.925
-1.415	-6.565
-1.505	-6.325
-1.745	-6.115
-1.955	-6.055
POLYLINE BROWN
4.795	-10.585
4.765	-10.645
4.585	-10.405
4.405	-10.225
4.315	-10.135
4.195	-10.045
4.135	-10.045
3.955	-9.925
3.835	-9.925
3.715	-9.895
3.595	-9.895
3.535	-9.865
3.415	-9.895
3.295	-9.865
3.175	-9.895
3.055	-9.955
2.935	-9.925
2.605	-10.075
2.425	-10.075
2.305	-10.165
1.825	-10.165
1.765	-10.105
1.645	-10.135
1.405	-10.105
1.345	-10.135
1.225	-10.105
1.075	-10.105
0.955	-10.075
0.835	-10.105
0.445	-9.955
0.385	-9.985
0.235	-9.925
-0.005	-9.775
-0.095	-9.655
-0.155	-9.655
-0.455	-9.385
-0.515	-9.385
-0.875	-8.995
-1.205	-8.485
-1.385	-8.215
-1.445	-8.005
-1.595	-7.705
-1.745	-7.285
-1.805	-6.955
-1.805	-6.625
-1.895	-6.325
-1.895	-6.235
POLYLINE BROWN
5.125	-7.585
5.155	-7.705
4.915	-7.945
4.795	-8.275
4.795	-8.545
4.765	-8.695
4.765	-8.875
4.795	-8.995
4.855	-9.235
4.975	-9.535
5.185	-9.835
5.215	-9.955
POLYLINE BROWN
1.135	-2.365
1.255	-2.635
1.315	-2.695
1.315	-2.815
1.135	-2.935
1.015	-3.145
0.865	-3.295
0.655	-3.505
0.535	-3.595
0.475	-3.595
0.355	-3.715
0.235	-3.775
0.115	-3.895
-0.215	-4.045
-0.335	-4.165
-0.695	-4.285
-0.875	-4.405
-0.905	-4.465
-0.965	-4.465
-1.025	-4.525
-1.085	-4.525
-1.145	-4.585
-1.205	-4.585
-1.355	-4.735
-1.415	-4.735
-1.535	-4.915
-1.775	-5.275
-1.775	-5.365
-1.805	-5.485
-1.835	-5.725
-1.865	-5.935
-1.895	-5.995
POLYLINE BROWN
4.735	-7.675
4.825	-8.095
4.825	-8.155
5.035	-7.855
5.065	-7.705
5.155	-7.555
5.245	-7.315
5.275	-7.195
5.365	-6.925
5.605	-6.415
5.665	-6.355
5.695	-6.235
5.875	-5.935
6.115	-5.425
6.115	-5.365
6.205	-5.215
6.445	-4.675
6.505	-4.405
6.625	-4.045
6.655	-3.895
6.745	-3.535
6.835	-3.355
6.865	-3.205
7.105	-2.515
7.135	-2.395
7.405	-1.555
7.405	-1.405
7.525	-0.925
7.555	-0.715
7.585	-0.565
7.615	-0.265
7.645	-0.205
7.645	0.005
7.675	0.215
7.705	0.395
7.705	0.575
7.735	0.785
7.825	1.265
7.855	1.415
7.975	1.895
8.005	1.955
8.005	2.165
8.035	2.405
8.065	2.615
POLYLINE BROWN
11.155	-3.925
POLYLINE BROWN
4.875	-8.125
POLYLINE BROWN
1.165	-6.485
1.285	-6.935
1.285	-7.055
1.255	-7.175
1.255	-7.565
POLYLINE BROWN
2.965	-3.275
2.995	-3.335
2.725	-3.785
2.725	-3.905
2.665	-3.965
2.635	-4.085
2.245	-5.195
2.065	-5.585
1.975	-5.705
1.825	-6.095
1.615	-6.455
1.555	-6.635
1.375	-6.935
1.285	-7.115
1.225	-7.445
1.225	-7.565
POLYLINE BROWN
1.375	-2.525
1.405	-2.675
1.375	-2.915
1.375	-3.035
1.195	-3.635
1.105	-3.875
1.045	-4.115
0.985	-4.355
0.955	-4.475
0.805	-4.925
0.775	-5.075
0.745	-5.195
0.655	-5.585
0.505	-5.945
0.445	-6.185
0.055	-6.995
POLYLINE GREEN
21.985	6.655
22.015	6.595
22.105	6.835
22.225	7.015
22.345	7.015
22.885	6.805
23.155	6.775
23.275	6.745
23.335	6.775
23.485	6.715
23.725	6.775
23.785	6.775
23.875	6.625
23.875	6.355
23.905	6.295
23.875	6.175
23.755	6.145
23.485	6.055
23.245	6.025
22.645	5.875
22.525	5.815
22.195	5.875
22.015	5.935
POLYLINE GREEN
22.075	7.075
22.135	6.895
22.105	6.535
22.105	6.265
22.135	6.115
22.105	5.995
22.105	6.055
POLYLINE GREEN
24.385	6.535
24.415	6.415
24.295	6.385
24.175	6.385
23.815	6.265
23.695	6.235
23.635	6.175
23.515	6.145
23.335	6.055
23.095	5.995
22.945	5.935
22.765	5.935
22.195	5.845
22.135	5.815
21.865	5.815
21.745	5.785
21.685	5.815
21.085	5.815
20.845	5.785
20.695	5.815
20.365	5.755
20.215	5.755
19.975	5.785
19.705	5.725
19.465	5.755
19.345	5.695
19.105	5.695
18.745	5.605
POLYLINE GREEN
24.115	7.345
24.145	7.225
24.445	7.045
24.505	6.985
24.565	6.985
24.655	6.865
24.595	6.745
24.265	6.445
24.205	6.415
POLYLINE GREEN
23.845	9.235
23.995	9.025
24.025	8.875
23.995	8.755
23.995	8.365
24.085	8.065
24.145	7.765
24.175	7.525
24.175	7.345
24.145	7.195
POLYLINE GREEN
23.005	9.595
23.785	9.355
23.815	9.265
POLYLINE GREEN
22.165	8.605
22.165	8.545
22.225	8.575
22.345	8.755
22.615	9.025
22.675	9.025
22.855	9.175
22.975	9.175
23.095	9.235
23.215	9.205
23.275	9.235
23.335	9.205
23.395	9.235
23.575	9.175
23.635	9.205
23.815	9.085
23.935	8.875
23.935	8.635
23.905	8.575
23.665	8.815
POLYLINE GREEN
18.685	5.305
18.715	5.185
18.655	5.155
18.475	5.275
18.265	5.665
18.265	6.145
18.355	6.355
18.505	6.505
18.565	6.505
18.655	6.625
18.715	6.625
18.745	6.685
18.805	6.655
19.135	6.775
19.195	6.745
19.255	6.805
19.435	6.805
19.495	6.835
19.615	6.805
19.915	6.805
19.975	6.775
20.005	6.835
20.125	6.775
20.365	6.835
20.485	6.805
20.605	6.835
20.725	6.865
21.085	6.955
21.145	7.015
21.205	7.015
21.475	7.255
21.535	7.495
21.505	7.615
21.505	7.615
21.505	7.615
21.535	7.765
21.655	7.945
21.835	8.095
21.835	8.155
22.075	8.335
22.135	8.335
22.165	8.395
22.225	8.395
22.225	8.455
22.315	8.545
22.375	8.545
22.465	8.665
22.465	8.605
POLYLINE GREEN
18.385	5.815
18.475	5.725
18.655	5.635
18.775	5.725
18.835	5.665
18.715	5.635
18.655	5.695
18.595	5.665
18.415	5.785
18.295	5.965
POLYLINE CONNECT
23.730	8.650
1.447	-2.897
POLYLINE BROWN
8.460	4.405
8.550	4.285
8.460	4.015
8.370	3.895
8.160	3.205
8.160	2.935
8.130	2.815
POLYLINE BROWN
6.540	2.965
6.660	2.755
6.630	2.635
6.570	2.575
6.510	2.335
6.420	2.005
6.300	1.675
6.270	1.555
5.880	0.775
5.820	0.715
5.760	0.355
5.610	-0.095
5.520	-0.545
5.430	-0.725
5.340	-0.815
5.130	-1.025
5.100	-1.115
4.920	-1.235
4.710	-1.535
4.560	-1.835
4.230	-2.285
4.170	-2.435
3.780	-2.915
3.300	-3.275
3.000	-3.545
POLYLINE BROWN
6.570	2.995
6.630	2.785
6.630	2.605
6.600	2.725
POLYLINE BROWN
0.840	-0.085
0.980	-0.345
1.000	-0.425
1.100	-0.745
1.100	-0.825
1.160	-0.945
1.160	-1.005
1.240	-1.205
1.240	-1.265
1.340	-1.545
1.360	-1.725
1.360	-1.805
1.400	-1.965
1.420	-2.145
1.440	-2.225
1.440	-2.365
1.460	-2.445
1.480	-2.605
1.480	-2.845
POLYLINE BROWN
0.990	-0.035
1.080	-0.365
1.080	-0.515
0.990	-0.365
0.900	-0.275
0.840	-0.065
0.840	0.055
0.810	0.115
0.810	0.325
0.840	0.595
0.840	0.745
0.810	0.865
0.810	1.735
0.600	2.455
0.600	2.575
0.630	2.785
0.660	3.025
0.750	3.385
0.750	3.325
POLYLINE BROWN
0.500	5.415
0.520	5.275
0.500	5.235
0.540	5.055
0.580	4.855
0.600	4.675
0.600	4.595
0.620	4.515
0.620	4.395
0.640	4.255
0.640	4.175
0.660	4.095
0.660	3.975
0.680	3.895
0.720	3.555
0.720	3.415
0.740	3.255
0.760	3.175
0.740	3.135
POLYLINE BLACK
6.705	2.800
6.690	2.770
6.720	2.800
6.720	2.920
6.750	3.010
6.750	3.055
6.900	3.175
6.960	3.265
7.185	3.535
7.230	3.550
7.275	3.610
7.335	3.625
POLYLINE BLACK
8.280	4.345
8.520	4.255
8.505	4.225
8.445	4.180
8.415	4.060
8.415	3.910
8.400	3.850
8.400	3.775
8.370	3.715
8.370	3.625
8.265	3.205
8.235	3.070
8.235	3.040
8.205	2.980
8.205	2.950
8.190	2.920
8.190	2.875
8.160	2.815
8.160	2.770
8.115	2.590
POLYLINE BLACK
7.030	26.060
7.015	26.090
7.000	26.060
7.000	25.970
6.970	25.865
6.970	25.730
POLYLINE BLACK
6.745	25.880
6.940	25.880
6.970	25.895
POLYLINE BLACK
7.075	25.295
7.075	25.325
7.045	25.250
7.015	25.220
6.940	25.055
6.910	24.950
POLYLINE BLACK
6.715	25.085
6.745	25.100
6.805	25.085
6.955	25.115
POLYLINE BLACK
7.030	24.560
6.955	24.500
6.925	24.455
6.880	24.245
6.880	24.215
6.895	24.185
POLYLINE BLACK
6.700	24.350
6.760	24.350
6.790	24.365
6.895	24.335
POLYLINE BLACK
0.415	21.950
0.595	21.950
0.745	22.040
0.775	22.250
0.715	22.400
0.595	22.370
0.565	22.310
0.565	22.130
0.595	22.070
0.745	22.010
0.955	22.010
POLYLINE BLACK
-0.005	21.830
0.055	21.860
0.205	21.710
0.325	21.800
0.325	22.190
0.355	22.130
POLYLINE BLACK
-0.335	21.740
-0.215	21.800
-0.275	21.590
-0.155	21.530
-0.005	21.680
-0.095	21.890
-0.155	21.920
-0.155	21.860
POLYLINE BLACK
-1.025	21.680
-1.025	21.830
-0.995	21.980
-0.815	21.680
-0.635	21.230
-0.635	21.440
-0.575	21.680
-0.455	21.710
-0.425	21.590
-0.425	21.440
-0.515	21.260
-0.575	21.230
-0.545	21.290
POLYLINE BLACK
-0.995	21.410
-0.995	21.470
-1.055	21.530
-1.175	21.410
-1.265	21.260
-1.265	21.110
-1.175	20.990
-1.055	21.020
-0.965	21.050
-0.935	21.170
-0.935	21.230
-0.995	21.440
-0.845	21.110
-0.725	21.020
POLYLINE BLACK
0.805	24.200
0.895	23.900
0.985	23.870
1.165	24.050
1.225	24.200
1.165	24.380
1.105	24.410
0.985	24.410
0.865	24.290
0.745	24.080
0.775	23.960
0.985	23.840
1.255	23.900
1.315	23.990
POLYLINE BLACK
0.625	24.080
0.505	24.050
0.445	24.110
0.325	24.080
0.235	23.960
0.205	23.810
0.265	23.750
0.505	23.960
0.505	24.020
0.685	23.780
0.775	23.570
0.805	23.330
0.685	23.210
0.415	23.180
0.325	23.270
0.385	23.330
0.595	23.330
POLYLINE BLACK
0.385	23.990
0.415	23.900
0.295	23.660
0.325	23.570
0.805	24.050
0.715	23.930
0.685	23.810
0.715	23.660
0.835	23.570
1.015	23.600
1.165	23.630
POLYLINE BLACK
-0.005	23.600
-0.245	23.420
-0.245	23.330
-0.125	23.300
-0.035	23.450
-0.065	23.660
-0.125	23.840
0.025	23.540
0.145	23.480
POLYLINE BLACK
-0.785	23.060
-0.755	22.940
-0.695	22.880
-0.545	22.970
-0.455	23.180
-0.455	23.330
-0.515	23.390
-0.665	23.300
-0.725	23.030
-0.695	22.970
-0.545	22.880
-0.335	22.940
-0.125	23.060
POLYLINE BLACK
-1.355	23.150
-1.385	23.000
-1.325	22.820
-1.295	22.700
-1.115	22.760
-0.995	22.760
-0.875	22.820
POLYLINE BLACK
1.105	22.550
1.105	22.490
1.195	22.490
1.825	22.880
2.395	23.150
2.455	23.150
POLYLINE BLACK
3.355	24.710
3.415	24.650
POLYLINE BLACK
3.235	24.230
3.325	24.140
3.385	24.140
POLYLINE BLACK
2.995	23.570
3.055	23.630
3.115	23.600
3.175	23.630
POLYLINE BLACK
2.935	23.090
3.055	23.120
POLYLINE BLACK
2.785	22.400
2.905	22.310
2.965	22.310
POLYLINE BLACK
2.695	21.830
2.875	21.830
POLYLINE BLACK
2.605	21.110
2.815	21.080
POLYLINE BLACK
2.575	20.600
2.695	20.570
POLYLINE BLACK
2.485	20.150
2.515	20.060
2.575	20.060
2.635	20.000
2.695	20.030
POLYLINE BLACK
2.305	19.580
2.485	19.520
POLYLINE BLACK
2.305	19.100
2.425	19.070
POLYLINE BLACK
2.125	18.650
2.395	18.560
POLYLINE BLACK
2.095	18.290
2.095	18.200
2.215	18.170
POLYLINE BLACK
3.055	27.080
POLYLINE BLACK
2.845	26.450
2.845	26.510
POLYLINE BLACK
2.695	25.880
POLYLINE BLACK
2.635	25.550
POLYLINE BLACK
2.545	25.160
2.545	25.220
POLYLINE BLACK
2.455	24.710
POLYLINE BLACK
2.275	24.170
2.335	24.200
POLYLINE BLACK
2.215	23.600
2.245	23.660
POLYLINE BLACK
2.125	23.270
POLYLINE BLACK
2.035	22.730
2.095	22.790
POLYLINE BLACK
1.975	22.340
2.005	22.400
POLYLINE BLACK
1.945	21.950
1.975	22.010
POLYLINE BLACK
1.855	21.650
1.885	21.710
POLYLINE BLACK
1.825	21.140
POLYLINE BLACK
1.765	20.600
1.795	20.660
POLYLINE BLACK
1.765	20.090
POLYLINE BLACK
1.705	19.820
POLYLINE BLACK
1.645	19.460
POLYLINE BLACK
1.645	19.190
POLYLINE BLACK
1.645	18.710
POLYLINE BLACK
1.705	18.350
POLYLINE BLACK
1.705	17.990
1.705	18.080
POLYLINE BLACK
1.765	17.660
1.765	17.720
POLYLINE BLACK
1.765	17.090
1.765	17.240
1.735	17.300
1.765	17.300
1.795	17.420
POLYLINE BLACK
1.765	16.820
POLYLINE BLACK
1.735	16.610
POLYLINE BLACK
1.705	16.400
POLYLINE BLACK
1.645	16.220
POLYLINE BLACK
1.615	15.890
1.615	15.950
POLYLINE BLACK
1.525	15.680
1.555	15.800
POLYLINE BLACK
4.035	26.410
4.035	26.530
3.855	26.350
3.735	26.140
3.825	26.170
4.035	26.470
4.095	26.500
4.245	26.320
4.335	26.110
POLYLINE BLACK
4.065	26.440
4.095	26.380
4.065	25.960
3.975	25.540
3.975	25.420
POLYLINE BLACK
2.505	30.340
POLYLINE BLACK
2.445	30.040
2.415	30.100
POLYLINE BLACK
2.205	29.410
2.235	29.470
POLYLINE BLACK
1.785	28.330
1.905	28.600
2.025	28.690
2.025	28.780
2.085	29.020
POLYLINE BLACK
1.575	28.060
1.635	28.120
POLYLINE BLACK
0.405	28.840
0.465	28.810
0.525	28.870
0.585	28.870
0.825	28.570
0.975	28.420
1.095	28.390
1.215	28.360
1.275	28.300
1.395	28.330
1.515	28.300
1.575	28.240
1.635	28.270
1.695	28.210
1.725	28.330
1.785	28.390
1.785	28.540
1.695	28.840
1.395	29.110
1.215	29.170
1.095	29.200
0.825	29.290
0.645	29.350
0.585	29.350
0.555	29.410
0.495	29.350
0.435	29.350
0.375	29.230
0.375	29.020
0.525	28.810
0.645	28.720
POLYLINE BLACK
0.255	25.210
0.315	25.240
0.405	25.390
0.945	25.930
1.065	26.260
1.245	26.560
1.305	26.680
1.305	26.890
1.335	27.010
1.365	27.250
1.365	27.370
1.395	27.490
1.395	27.580
1.455	27.760
1.545	27.880
1.575	28.000
POLYLINE BLACK
-0.825	26.530
-0.855	26.260
-0.855	25.930
-0.825	25.810
-0.825	25.630
-0.855	25.510
-0.855	25.300
-0.885	25.180
-0.795	25.090
-0.555	25.030
-0.435	24.940
-0.315	25.030
-0.135	25.030
-0.015	25.060
0.285	25.120
0.405	25.060
0.435	25.120
POLYLINE BLACK
0.615	30.310
0.555	30.340
POLYLINE BLACK
0.615	29.980
0.615	30.070
POLYLINE BLACK
0.585	29.590
0.585	29.650
POLYLINE BLACK
0.525	29.290
POLYLINE BLACK
0.525	29.020
0.525	29.080
POLYLINE BLACK
-0.195	28.720
-0.165	28.660
-0.225	28.600
-0.165	28.570
-0.045	28.600
0.075	28.570
0.255	28.750
0.375	28.750
0.435	28.810
POLYLINE BLACK
-0.765	26.530
-0.765	26.470
-0.615	26.800
-0.555	27.100
-0.525	27.220
-0.465	27.430
-0.495	27.580
-0.495	27.820
-0.435	28.030
-0.375	28.090
-0.345	28.270
-0.165	28.510
-0.045	28.540
POLYLINE CONNECT
-0.195	26.410
3.635	22.420
POLYLINE BLACK
8.265	26.770
8.265	26.650
8.235	26.590
8.295	26.590
8.325	26.740
8.295	27.010
8.115	27.460
POLYLINE BLACK
7.815	26.620
7.875	26.560
7.995	26.650
8.025	26.800
7.965	26.800
7.845	26.680
7.815	26.590
7.905	26.500
7.995	26.470
8.055	26.530
POLYLINE BLACK
6.945	26.590
7.065	26.590
7.155	26.710
7.155	26.770
7.095	26.770
7.035	26.560
7.065	26.500
7.185	26.470
7.275	26.560
7.245	26.680
7.365	26.680
7.425	26.710
7.455	26.590
7.515	26.560
7.545	26.680
7.725	26.380
7.695	26.140
7.605	25.990
7.485	25.960
7.425	26.050
POLYLINE BLACK
6.735	26.710
6.825	26.500
6.975	26.740
POLYLINE BLACK
6.405	26.650
6.495	26.410
6.615	26.680
POLYLINE BLACK
5.805	26.740
5.805	26.620
5.685	26.410
5.805	26.440
5.865	26.380
5.685	26.200
5.745	26.350
5.895	26.500
5.955	26.440
5.955	26.380
6.015	26.380
6.105	26.500
6.105	26.560
6.225	26.350
6.285	26.410
POLYLINE BLACK
5.085	26.530
5.115	26.590
5.115	26.470
5.175	26.320
5.295	26.530
5.385	26.440
5.415	26.320
5.475	26.290
POLYLINE BLACK
4.635	26.710
4.725	26.350
4.815	26.260
4.905	26.350
4.905	26.560
4.875	26.620
POLYLINE BLACK
6.735	27.460
6.675	27.250
6.825	27.340
6.855	27.250
6.735	27.070
POLYLINE BLACK
6.255	27.160
6.315	27.100
6.435	27.130
6.495	27.280
6.495	27.370
6.405	27.460
6.345	27.250
6.435	27.160
6.495	27.160
POLYLINE BLACK
6.075	27.100
6.075	27.040
6.165	27.310
6.135	27.370
6.135	27.250
6.225	27.070
POLYLINE BLACK
5.865	27.280
5.925	27.310
6.045	27.010
6.105	27.040
POLYLINE BLACK
5.475	27.280
5.535	27.160
5.685	27.280
5.715	27.160
POLYLINE BLACK
5.295	27.280
5.355	27.070
POLYLINE BLACK
4.965	27.490
5.025	27.430
5.205	27.460
POLYLINE BLACK
5.025	27.610
5.055	27.490
5.025	27.340
5.085	27.100
POLYLINE BLACK
4.515	27.340
4.605	27.250
4.605	27.100
4.635	27.040
4.755	27.310
4.815	27.250
4.845	27.130
4.905	27.100
POLYLINE BLACK
4.215	27.190
4.215	26.980
4.335	26.980
4.425	27.130
4.425	27.250
4.335	27.340
POLYLINE BLACK
4.155	27.310
4.155	27.370
4.035	27.340
3.915	27.220
3.825	27.070
3.825	26.920
3.885	26.890
4.095	26.980
POLYLINE BLACK
4.365	24.700
4.425	24.640
4.425	24.790
4.395	24.910
4.395	25.090
4.425	25.210
4.455	25.480
4.455	25.930
POLYLINE BLACK
3.435	25.480
3.435	25.360
3.345	25.240
3.345	25.120
3.285	24.820
POLYLINE BLACK
3.315	25.180
3.375	25.150
3.435	25.210
3.435	25.390
3.465	25.510
3.525	25.810
3.555	25.930
POLYLINE BLACK
8.775	18.820
8.775	18.610
POLYLINE BLACK
10.005	18.940
10.065	18.880
10.275	18.970
10.305	19.090
10.275	19.150
10.215	19.150
10.155	19.000
10.065	18.880
10.065	18.730
10.155	18.670
10.455	18.670
POLYLINE BLACK
9.615	18.880
9.705	18.730
9.765	18.700
9.915	18.940
9.945	19.090
POLYLINE BLACK
9.405	18.910
9.345	18.940
9.195	18.790
9.315	18.760
9.375	18.760
9.465	18.820
9.465	18.880
9.345	19.000
9.315	18.940
POLYLINE BLACK
8.745	19.360
8.805	18.910
8.805	18.850
9.045	19.000
9.075	18.880
8.985	18.670
8.865	18.610
POLYLINE BLACK
8.475	19.030
8.415	19.090
8.235	18.910
8.205	18.790
8.265	18.730
8.385	18.700
8.475	18.820
8.505	19.000
8.595	18.670
8.685	18.580
POLYLINE BLACK
10.335	20.050
10.455	20.020
10.515	20.020
10.605	20.140
10.575	20.350
10.515	20.380
10.395	20.140
10.425	20.020
10.605	19.960
POLYLINE BLACK
10.215	20.230
10.245	20.290
10.125	20.170
10.245	20.140
10.275	20.080
10.185	19.960
10.035	19.900
POLYLINE BLACK
9.825	20.080
9.915	19.900
9.975	19.960
9.975	20.080
10.005	20.140
POLYLINE BLACK
9.375	20.080
9.375	20.020
9.465	19.960
9.585	19.990
9.675	20.080
9.675	20.140
9.615	20.200
9.495	20.170
9.435	19.960
9.495	19.900
9.615	19.900
POLYLINE BLACK
9.015	20.110
9.105	19.930
9.105	19.870
9.165	19.870
9.225	19.930
9.255	20.080
9.315	20.140
POLYLINE BLACK
8.655	20.170
8.535	20.020
8.535	19.870
8.595	19.870
8.715	19.960
8.745	20.110
8.835	19.870
POLYLINE BLACK
8.265	20.080
8.265	19.960
8.295	19.840
8.265	20.110
8.475	20.170
POLYLINE BLACK
7.545	20.530
7.575	20.590
7.845	20.590
8.235	20.680
8.295	20.710
POLYLINE BLACK
7.965	20.500
7.965	20.410
7.995	20.290
7.995	19.990
8.025	19.780
POLYLINE BLACK
6.885	23.530
6.885	23.590
6.855	23.410
6.855	23.080
POLYLINE BLACK
6.555	23.440
6.585	23.380
6.855	23.440
POLYLINE BLACK
6.825	22.840
6.765	22.360
6.765	22.150
POLYLINE BLACK
6.465	22.240
6.555	22.300
6.705	22.300
6.885	22.390
POLYLINE BLACK
6.825	21.550
6.855	21.400
6.825	20.980
6.855	20.890
POLYLINE BLACK
6.645	21.160
6.675	21.220
6.735	21.220
6.795	21.280
6.915	21.250
POLYLINE BLACK
7.035	20.350
7.035	20.050
POLYLINE BLACK
6.585	20.080
6.855	20.140
6.975	20.200
POLYLINE BLACK
7.185	19.090
7.185	18.910
7.155	18.820
7.185	18.760
POLYLINE BLACK
6.825	18.790
6.885	18.850
7.125	18.880
POLYLINE BLACK
7.395	17.860
7.335	17.680
7.365	17.290
POLYLINE BLACK
7.065	17.440
7.065	17.500
7.185	17.500
7.305	17.530
POLYLINE BLACK
7.605	16.390
7.575	16.480
7.575	16.270
7.695	15.850
POLYLINE BLACK
7.245	16.090
7.395	16.180
7.575	16.210
7.635	16.180
POLYLINE BLACK
7.935	15.100
7.845	15.190
7.815	15.070
7.815	14.470
7.905	14.440
POLYLINE BLACK
7.635	14.830
7.575	14.830
7.695	14.890
7.815	14.860
7.875	14.860
POLYLINE BLACK
8.205	13.900
8.235	13.840
8.355	13.870
8.415	13.930
8.475	13.900
POLYLINE BLACK
8.145	14.110
8.145	13.930
8.175	13.810
8.205	13.540
8.235	13.480
8.235	13.540
8.295	13.600
POLYLINE BLACK
8.205	14.170
8.235	14.080
POLYLINE BLACK
7.025	23.590
7.025	23.690
POLYLINE BLACK
6.925	22.940
POLYLINE BLACK
6.925	22.040
6.975	22.140
POLYLINE BLACK
7.075	20.890
7.075	20.990
POLYLINE BLACK
7.175	20.090
7.175	20.290
7.075	20.490
POLYLINE BLACK
7.275	19.440
7.225	19.640
POLYLINE BLACK
7.375	18.740
7.425	18.840
POLYLINE BLACK
7.375	17.840
POLYLINE BLACK
7.475	17.190
7.475	17.290
POLYLINE BLACK
7.675	16.740
POLYLINE BLACK
7.775	15.740
7.775	15.840
POLYLINE BLACK
7.925	15.240
7.875	15.340
POLYLINE BLACK
7.975	14.840
POLYLINE BLACK
8.125	14.390
8.175	14.290
POLYLINE BLACK
8.275	13.790
8.325	13.640
POLYLINE BLACK
8.375	13.590
8.575	13.140
8.375	13.290
POLYLINE BLACK
2.475	18.235
2.415	18.265
2.145	17.875
2.205	17.845
2.295	17.875
2.535	17.845
2.625	17.845
2.655	17.905
2.655	18.055
2.595	18.295
2.535	18.325
POLYLINE BLACK
3.435	18.325
3.435	18.385
3.345	18.265
3.315	18.085
3.225	17.905
3.225	17.845
3.315	17.845
3.585	17.995
3.705	17.995
3.765	18.175
3.645	18.355
3.465	18.415
POLYLINE BLACK
3.795	19.255
3.825	19.315
3.795	19.375
3.705	19.105
3.885	19.045
3.975	19.045
4.155	19.165
4.275	19.255
4.275	19.315
4.065	19.465
3.915	19.495
3.795	19.525
POLYLINE BLACK
2.925	19.165
2.805	19.015
2.655	18.925
2.595	18.865
2.595	18.805
2.745	18.835
2.805	18.835
3.135	18.685
3.195	18.625
3.195	18.775
3.225	19.045
3.075	19.285
2.985	19.345
2.925	19.315
POLYLINE BLACK
3.255	20.455
3.075	20.215
2.985	19.975
3.045	19.945
3.345	19.975
3.465	19.975
3.435	20.095
3.345	20.275
3.345	20.365
3.285	20.365
POLYLINE BLACK
3.015	21.355
2.835	21.115
2.835	21.055
2.955	21.085
3.015	21.085
3.075	21.025
3.135	21.295
3.135	21.355
3.045	21.415
POLYLINE BLACK
4.725	21.115
4.755	21.025
4.605	20.845
4.515	20.635
4.845	20.725
5.085	20.635
5.175	20.635
5.205	20.755
5.085	21.055
4.845	21.295
POLYLINE BLACK
5.115	19.975
4.965	19.945
4.875	19.795
4.785	19.615
4.965	19.555
5.055	19.555
5.235	19.435
5.295	19.465
5.385	19.735
5.385	19.915
5.265	20.005
5.205	20.005
POLYLINE BLACK
5.835	18.685
5.685	18.655
5.625	18.505
5.535	18.355
5.505	18.295
5.655	18.265
5.895	18.295
5.955	18.265
5.955	18.385
5.715	18.685
POLYLINE BLACK
5.445	17.815
5.445	17.755
5.265	17.335
5.265	17.275
5.385	17.335
5.595	17.335
5.715	17.275
5.805	17.395
5.805	17.515
5.715	17.785
5.655	17.845
5.385	17.905
POLYLINE BLACK
4.065	16.375
3.975	16.255
4.005	16.135
4.125	16.075
4.215	16.075
4.395	16.195
4.455	16.255
4.455	16.315
4.335	16.405
4.125	16.405
4.065	16.435
POLYLINE BLACK
4.035	17.275
3.795	16.975
3.765	16.915
3.855	16.915
4.035	16.975
4.185	17.185
3.945	17.335
POLYLINE BLACK
2.595	17.395
2.595	17.305
2.445	16.885
2.445	16.795
2.565	16.825
2.715	16.825
2.835	16.885
2.955	16.855
2.985	16.975
2.865	17.275
2.715	17.455
2.625	17.455
POLYLINE BLACK
3.315	16.195
2.985	15.895
2.955	15.805
3.075	15.835
3.255	15.745
3.375	15.745
3.405	15.805
3.375	15.955
3.345	16.225
3.135	16.135
POLYLINE BLACK
2.055	16.165
1.875	15.835
2.175	15.745
2.295	15.775
2.325	15.985
2.325	16.105
2.205	16.285
2.085	16.195
POLYLINE BROWN
4.980	21.850
4.920	21.895
4.860	21.895
4.785	21.805
4.785	21.730
4.845	21.715
4.935	21.730
4.950	21.760
4.965	21.730
4.905	21.595
POLYLINE BROWN
4.695	22.015
4.710	21.985
4.575	21.940
4.545	21.850
4.590	21.790
4.650	21.760
4.695	21.760
4.710	21.925
4.680	21.985
4.650	22.000
POLYLINE BROWN
4.290	22.195
4.335	22.075
4.230	21.895
4.290	21.925
4.425	21.895
4.455	21.865
4.485	21.865
4.545	21.820
POLYLINE BROWN
3.105	22.720
3.075	22.720
3.015	22.705
2.985	22.645
3.045	22.480
3.105	22.390
3.240	22.330
3.270	22.330
3.360	22.300
3.450	22.240
3.525	22.210
3.615	22.120
3.660	22.105
3.750	22.045
3.810	22.045
3.855	22.015
4.110	21.940
4.170	21.940
4.365	21.865
4.395	21.865
4.530	21.790
4.605	21.775
4.740	21.700
4.770	21.700
4.800	21.670
4.830	21.670
5.115	21.535
5.145	21.505
5.190	21.505
5.340	21.400
5.370	21.400
5.430	21.370
5.430	21.400
5.460	21.445
5.445	21.505
5.445	21.565
5.355	21.715
5.280	21.760
5.190	21.775
POLYLINE BROWN
3.060	22.765
3.180	22.765
3.390	22.690
3.525	22.660
3.690	22.600
3.720	22.570
3.750	22.570
3.810	22.525
3.840	22.480
3.885	22.465
4.065	22.345
4.140	22.315
4.260	22.240
4.455	22.120
4.515	22.120
4.545	22.090
4.605	22.090
4.785	22.000
4.845	22.000
4.920	21.940
4.950	21.955
5.010	21.910
5.040	21.910
5.250	21.775
5.280	21.775
5.280	21.745
POLYLINE BLUE
3.555	21.295
3.495	21.235
3.765	21.385
3.825	21.445
3.915	21.325
3.975	21.145
POLYLINE BLUE
3.825	19.795
3.885	19.795
3.945	19.855
3.915	20.005
3.675	20.185
3.645	20.245
3.765	20.455
3.765	20.725
3.825	20.905
3.825	20.965
3.735	21.085
3.735	21.175
POLYLINE BLUE
4.365	18.865
4.335	18.805
4.545	18.655
POLYLINE BLUE
3.945	18.565
4.005	18.535
4.155	18.625
4.335	18.895
4.395	18.865
POLYLINE BLUE
4.755	16.885
4.755	16.825
5.025	16.885
5.055	17.005
4.995	17.125
4.635	17.365
4.575	17.425
4.605	17.605
4.575	17.815
4.635	17.965
4.425	18.295
4.305	18.475
4.305	18.565
POLYLINE BLUE
5.895	16.675
5.775	16.495
5.775	16.495
5.715	16.615
6.165	16.765
POLYLINE BLUE
6.885	16.405
6.765	16.435
6.735	16.495
6.615	16.495
6.495	16.405
6.375	16.405
6.315	16.345
6.195	16.375
6.075	16.405
5.925	16.555
5.865	16.675
POLYLINE BLACK
5.115	23.065
5.175	23.035
5.295	23.125
POLYLINE BLACK
5.055	23.275
5.235	23.365
POLYLINE BLACK
4.935	23.635
4.995	23.605
5.175	23.695
POLYLINE BLACK
4.905	23.845
5.025	23.875
5.085	23.935
POLYLINE BLACK
4.725	24.025
4.965	24.115
POLYLINE BLACK
5.295	22.735
5.325	22.855
5.325	23.005
5.295	23.245
5.205	23.635
5.145	23.695
5.055	23.935
5.055	24.025
4.875	24.325
POLYLINE BLACK
6.375	24.445
6.135	24.505
6.015	24.475
5.955	24.505
5.595	24.385
5.055	24.235
4.905	24.235
4.845	24.205
4.545	24.295
4.425	24.475
4.425	24.685
4.455	24.745
POLYLINE BLACK
6.315	24.445
6.375	24.475
POLYLINE BLACK
5.385	22.105
5.265	22.195
5.235	22.375
5.355	22.765
5.475	22.945
5.475	23.005
5.865	23.305
6.105	23.365
6.585	23.875
6.615	23.995
6.465	24.265
6.495	24.385
6.375	24.445
POLYLINE BLACK
6.615	14.905
6.555	14.935
6.555	15.115
6.585	15.235
6.585	15.325
6.615	15.445
6.615	15.565
6.525	15.805
6.525	15.895
6.495	16.015
6.495	16.585
6.465	16.705
6.465	16.915
6.435	17.035
6.435	17.185
6.405	17.305
6.405	17.575
6.375	17.695
6.375	17.845
6.345	17.965
6.345	17.965
6.345	18.085
6.255	18.715
6.165	19.135
6.075	19.585
6.045	19.705
6.015	19.885
5.955	19.975
5.925	20.095
5.745	20.545
5.745	20.665
5.505	21.535
5.475	21.655
5.385	21.895
5.385	21.985
5.325	22.165
POLYLINE BLACK
2.775	22.735
2.835	22.735
2.925	23.245
3.015	23.575
3.195	24.145
3.225	24.265
3.345	24.595
3.375	24.715
3.435	24.805
3.465	24.925
3.555	25.105
POLYLINE BLACK
1.215	15.355
1.275	15.055
1.125	15.205
1.065	15.445
1.095	15.565
1.065	15.715
1.095	15.955
1.095	16.225
1.215	16.585
1.485	17.155
1.815	17.485
1.845	17.665
1.935	17.785
1.965	17.935
2.085	18.175
2.085	18.325
2.205	18.775
2.205	18.895
2.325	19.315
2.355	19.435
2.475	20.005
2.505	20.275
2.595	20.545
2.625	20.965
2.685	21.265
2.685	21.535
2.715	21.805
2.745	21.925
2.775	22.045
2.835	22.225
2.835	22.315
2.865	22.435
2.865	22.615
2.925	22.795
POLYLINE BLACK
1.185	15.595
POLYLINE BLACK
1.755	17.365
1.845	17.485
2.025	17.815
POLYLINE BLACK
1.545	17.185
1.575	17.125
1.635	17.185
POLYLINE BLACK
1.425	16.825
1.455	16.885
POLYLINE BLACK
1.215	16.615
1.305	16.495
1.335	16.555
POLYLINE BLACK
1.185	16.255
1.245	16.315
POLYLINE BLACK
1.125	15.955
POLYLINE BLACK
1.065	15.715
POLYLINE BLACK
1.125	15.415
1.125	15.475
POLYLINE BLACK
1.185	15.145
1.155	15.205
POLYLINE BLACK
1.395	14.785
POLYLINE BLACK
1.515	14.575
POLYLINE BLACK
1.695	14.425
POLYLINE BLACK
1.815	14.305
POLYLINE BLACK
1.905	14.245
POLYLINE BLACK
1.995	14.095
1.965	14.155
POLYLINE BLACK
2.115	14.005
2.055	14.065
POLYLINE BLACK
2.325	13.735
2.295	13.795
POLYLINE BLACK
2.415	13.435
2.415	13.375
2.445	13.435
2.415	13.555
2.355	13.615
POLYLINE BLACK
-13.895	36.095
-13.945	35.995
-13.845	36.045
-13.745	35.995
-13.295	36.145
-13.095	36.295
-12.895	36.195
-12.695	36.245
-12.495	36.195
-12.345	35.995
-12.295	35.545
-12.295	35.345
-12.345	35.145
-12.345	34.945
-12.395	34.745
-12.395	34.395
-12.445	34.195
-12.445	33.845
-12.245	33.245
-12.145	32.445
-12.095	32.045
-12.095	31.295
-12.245	30.845
-12.345	30.895
-12.345	30.795
-12.545	30.645
-12.745	30.645
-13.045	30.545
-13.145	30.545
-13.245	30.645
-13.345	30.545
-13.445	30.595
-13.745	30.445
-13.745	30.345
-13.945	30.195
-13.945	30.095
-14.145	29.795
-14.145	29.395
-14.395	28.395
-14.395	28.195
-14.345	27.995
-14.395	27.795
-14.345	27.595
-14.295	27.395
-14.295	27.195
-14.445	26.995
-14.645	26.995
POLYLINE BLACK
-14.745	35.695
-14.645	35.645
-14.445	35.795
-14.295	35.795
-14.195	35.895
-13.695	35.995
-13.695	35.995
POLYLINE BLACK
-19.695	31.695
-19.545	31.495
-19.745	31.495
-19.845	31.595
-19.795	31.795
-19.295	32.695
-19.345	32.895
-19.345	33.095
-19.195	33.295
-19.195	33.395
-18.745	33.745
-18.645	33.745
-18.045	34.145
-17.445	34.545
-17.245	34.595
-17.045	34.745
-16.845	34.795
-16.495	34.995
-16.395	34.995
-16.295	35.095
-16.045	35.095
-15.545	35.395
-15.345	35.395
-15.145	35.445
-14.945	35.595
-14.545	35.695
-14.345	35.795
POLYLINE BLACK
-19.795	31.895
POLYLINE BLACK
-17.945	29.345
-17.795	29.145
-17.845	29.545
-17.845	29.795
-17.895	29.995
-17.895	30.295
-18.195	30.945
-18.645	31.345
-18.845	31.395
-19.045	31.395
-19.145	31.445
-19.345	31.395
-19.545	31.445
-19.745	31.395
POLYLINE BLACK
-19.945	27.395
-19.995	27.695
-19.745	27.695
-19.145	27.895
-18.945	27.895
-18.295	27.695
-17.995	27.695
-17.895	27.745
-17.795	27.695
-17.695	28.045
-17.695	28.695
-17.645	28.895
-17.745	29.195
POLYLINE BLACK
-20.045	27.895
-19.995	27.695
POLYLINE BLACK
-15.495	28.245
-14.695	27.045
-15.595	26.895
-16.195	26.845
-16.945	26.745
-17.045	26.795
-17.245	26.795
-17.645	26.695
-18.595	26.545
-18.795	26.445
-18.895	26.495
-19.095	26.495
-19.445	26.445
-19.645	26.445
-19.845	26.545
-20.095	26.795
-20.095	26.995
-19.945	27.295
POLYLINE CONNECT
-14.545	27.795
6.135	14.911
POLYLINE BLACK
5.555	15.195
5.555	14.995
POLYLINE BLACK
5.755	14.895
POLYLINE BLACK
5.655	14.895
5.655	14.895
5.655	14.895
5.755	14.695
5.755	14.895
POLYLINE BLACK
7.365	11.485
7.425	11.425
7.425	11.365
7.515	11.245
7.605	11.005
7.665	10.945
7.695	10.825
7.815	10.645
7.845	10.525
7.875	10.645
8.055	10.795
8.175	10.885
8.175	10.945
8.085	10.945
7.815	11.185
7.665	11.275
7.365	11.485
7.695	11.005
7.695	11.005
7.635	11.185
7.875	10.705
7.875	10.765
7.635	11.065
7.845	10.795
7.845	10.855
7.695	11.125
7.995	10.885
7.725	11.185
7.995	10.915
7.725	11.065
POLYLINE BLACK
7.185	8.305
7.155	8.245
7.245	7.975
7.185	8.095
7.125	8.335
7.305	7.735
7.065	8.245
7.065	8.305
7.335	7.615
7.335	7.675
7.035	8.365
7.035	8.425
7.275	8.095
7.395	7.855
POLYLINE BLACK
6.975	8.695
7.185	8.425
7.275	8.215
7.335	8.155
7.335	8.095
7.515	7.855
7.515	7.765
7.455	7.765
7.305	7.615
7.245	7.585
7.275	7.645
POLYLINE BLACK
6.975	8.695
7.005	8.575
7.035	8.365
7.095	8.185
7.185	7.795
7.245	7.585
POLYLINE BLACK
6.705	11.665
6.675	11.545
6.525	11.185
6.645	11.185
7.005	11.095
7.185	11.275
7.185	11.395
7.035	11.635
6.825	11.695
POLYLINE BLACK
7.365	10.375
7.335	10.255
7.155	9.835
7.155	9.775
7.335	9.775
7.515	9.685
7.605	9.745
7.665	10.075
7.575	10.225
7.425	10.285
POLYLINE BLACK
7.155	6.445
7.185	6.325
7.185	6.265
7.065	5.845
7.215	5.815
7.605	5.815
7.635	5.875
7.605	6.025
7.425	6.175
7.365	6.145
POLYLINE BLACK
6.735	4.825
6.735	4.705
6.675	4.435
6.885	4.465
6.975	4.465
7.155	4.585
7.065	4.765
6.855	4.885
6.795	4.885
POLYLINE BLACK
4.395	4.855
4.245	4.645
4.065	4.285
4.065	4.225
4.365	4.255
4.695	4.285
4.635	4.345
4.425	4.735
4.365	4.795
4.245	4.795
POLYLINE BLACK
5.325	5.335
5.085	5.095
4.995	4.975
5.115	4.945
5.415	4.945
5.625	4.975
5.685	5.035
5.625	5.185
5.445	5.365
5.235	5.485
POLYLINE BLACK
7.365	7.465
7.185	7.105
7.185	7.045
7.335	7.075
7.575	7.225
7.635	7.375
7.485	7.525
7.365	7.465
POLYLINE BLACK
9.075	9.565
9.105	9.625
8.895	9.475
8.715	9.235
8.685	8.905
8.745	8.665
8.925	8.575
9.105	8.575
9.255	8.485
9.375	8.545
9.525	8.725
9.585	9.055
9.585	9.175
9.045	9.505
POLYLINE BLACK
6.060	9.985
6.045	9.925
6.060	9.895
6.150	9.850
6.180	9.850
6.210	9.880
6.150	9.970
6.120	9.985
6.180	10.000
6.210	9.985
POLYLINE BLACK
6.150	9.685
6.135	9.655
6.195	9.625
6.270	9.640
6.270	9.700
6.195	9.745
6.135	9.745
6.090	9.685
POLYLINE BLACK
6.165	9.265
6.270	9.265
6.360	9.295
6.420	9.280
6.435	9.310
6.405	9.340
6.375	9.340
6.315	9.430
6.285	9.505
POLYLINE BLACK
5.895	10.645
5.865	10.525
5.925	10.255
5.955	10.105
6.045	9.805
6.075	9.595
6.315	8.575
6.315	8.485
6.285	8.365
6.225	7.975
6.165	7.705
6.105	7.525
6.045	7.225
6.045	7.015
5.955	6.745
5.955	6.625
5.895	6.595
5.895	6.415
6.015	6.325
6.135	6.355
6.255	6.325
6.405	6.475
6.645	6.955
6.615	7.075
6.495	7.435
6.495	7.615
6.405	8.305
6.435	8.575
6.585	9.025
6.555	9.415
6.315	9.925
6.195	10.405
6.135	10.585
6.075	10.645
6.045	10.765
5.985	10.735
5.925	10.765
5.865	10.735
POLYLINE BLUE
12.735	7.375
12.825	7.525
12.915	7.345
13.005	6.955
13.065	6.955
13.155	7.075
13.155	7.135
13.245	7.435
13.245	7.435
13.275	7.375
13.275	6.985
13.305	6.925
POLYLINE BLUE
12.495	7.075
12.375	6.985
12.435	6.925
12.495	6.955
12.555	7.105
12.615	6.985
12.735	6.925
POLYLINE BLUE
12.255	7.555
12.255	7.555
12.225	7.285
12.225	7.135
12.255	7.015
12.345	6.895
12.375	6.745
12.315	6.565
12.195	6.415
11.985	6.355
11.895	6.355
11.805	6.445
11.955	6.655
POLYLINE BLUE
11.715	6.955
11.835	6.895
11.865	7.015
11.865	7.165
11.925	7.225
12.075	7.225
POLYLINE BLUE
11.295	6.925
11.415	6.895
11.535	6.925
11.655	7.045
11.655	7.105
11.595	7.165
11.415	7.105
11.355	7.045
11.355	6.895
11.385	6.835
11.505	6.805
11.565	6.835
POLYLINE BLUE
10.965	7.135
11.025	7.075
11.175	7.165
11.415	7.225
11.475	7.255
POLYLINE BLUE
11.025	7.435
11.055	7.315
11.055	7.075
11.085	6.925
11.085	6.865
POLYLINE BLUE
10.725	7.135
10.605	7.105
10.485	6.925
10.485	6.865
10.545	6.865
10.755	7.015
10.785	7.075
10.905	6.835
POLYLINE BLUE
9.735	7.195
9.795	6.925
9.975	7.075
10.155	6.925
10.215	6.925
10.365	7.105
10.395	7.165
POLYLINE BLUE
4.695	15.715
4.815	15.835
5.145	16.075
5.205	16.045
5.205	15.955
5.265	15.775
POLYLINE BLUE
5.385	14.125
5.295	14.245
5.235	14.245
5.205	14.395
5.205	14.635
5.295	15.145
5.115	15.415
5.085	15.685
POLYLINE BLUE
6.405	13.975
6.285	14.005
6.195	14.005
6.015	13.765
6.075	13.795
6.135	13.945
6.405	14.035
6.555	14.065
POLYLINE BLUE
7.005	12.925
6.825	13.045
6.585	13.285
6.615	13.495
6.255	13.915
POLYLINE BLUE
7.095	12.295
7.065	12.355
7.065	12.265
7.065	12.415
7.125	12.655
7.485	12.595
7.545	12.565
POLYLINE BLUE
8.295	11.335
8.385	11.455
8.415	11.605
8.325	11.875
8.145	11.935
7.935	12.205
7.545	12.355
7.305	12.415
7.185	12.445
POLYLINE BLUE
7.965	10.165
7.965	10.225
8.235	10.315
8.385	10.555
8.505	10.255
8.625	10.135
POLYLINE BLUE
8.595	8.785
8.625	8.695
8.325	9.115
8.325	9.235
8.475	9.475
8.505	9.715
8.475	9.955
8.295	10.165
POLYLINE BLUE
8.655	7.585
8.655	7.465
8.685	7.345
8.625	7.375
8.595	7.585
8.775	7.585
8.895	7.645
POLYLINE BLUE
10.035	7.585
9.975	7.585
9.675	7.795
9.615	7.735
9.495	7.705
9.345	7.555
9.285	7.465
9.045	7.435
8.865	7.525
8.745	7.555
POLYLINE BLUE
9.015	8.365
8.985	8.305
8.985	8.155
9.045	7.975
8.955	8.155
8.925	8.305
9.045	8.425
9.225	8.485
9.225	8.425
POLYLINE BLUE
10.305	8.095
10.155	8.245
10.035	8.305
9.915	8.215
9.855	8.215
9.795	8.155
9.555	8.155
9.495	8.125
9.165	8.215
9.075	8.365
POLYLINE BLACK
7.845	13.045
7.605	13.135
7.515	13.315
7.125	13.705
6.915	13.975
6.855	14.005
6.615	14.515
6.615	14.755
6.555	14.995
6.555	15.055
6.615	15.025
6.675	15.055
6.675	15.145
6.705	15.265
POLYLINE BLACK
8.865	5.695
8.895	5.605
9.015	6.085
9.075	6.265
9.075	6.415
9.105	6.535
9.165	6.955
9.165	7.135
9.255	7.465
9.285	7.735
9.465	8.245
9.525	8.305
9.615	8.755
9.675	8.995
9.675	9.115
9.705	9.265
9.705	9.385
9.735	9.535
9.735	9.715
9.825	9.805
9.825	10.165
9.855	10.285
9.855	11.065
9.885	11.185
9.885	11.515
9.825	11.635
9.855	11.725
9.795	11.425
9.765	11.515
9.765	11.815
9.795	11.905
9.795	12.325
9.735	12.445
9.615	12.475
9.555	12.445
9.345	12.625
9.105	12.745
8.985	12.745
8.835	12.775
8.535	12.835
8.415	12.865
8.235	12.865
8.175	12.895
8.115	12.865
7.935	12.955
7.875	12.925
7.755	12.985
7.695	12.955
POLYLINE BLACK
1.005	2.875
1.275	2.755
3.705	4.975
7.065	9.205
POLYLINE BLACK
1.395	4.015
POLYLINE BLACK
4.245	13.915
4.245	13.855
4.095	13.585
4.005	13.435
4.485	13.435
4.545	13.375
4.605	13.375
4.635	13.465
4.455	13.945
4.305	13.945
POLYLINE BLACK
3.525	13.195
3.525	13.135
3.225	12.475
3.375	12.505
3.825	12.475
3.945	12.505
3.945	12.715
3.795	13.105
3.675	13.195
POLYLINE BLACK
4.695	12.385
4.665	12.265
4.575	11.935
4.635	11.905
4.725	11.935
4.785	11.905
5.025	12.055
5.025	12.145
4.965	12.355
4.815	12.415
4.695	12.415
POLYLINE BLACK
4.305	11.755
4.335	11.635
4.125	11.215
4.065	11.155
4.215	11.155
4.335	11.125
4.515	11.095
4.575	11.305
4.575	11.455
4.485	11.605
4.395	11.635
4.245	11.635
4.185	11.605
POLYLINE BLACK
2.895	11.215
2.595	10.705
2.925	11.335
2.745	10.945
3.045	11.335
2.835	10.915
2.835	10.855
2.955	11.035
3.045	11.335
3.045	11.275
2.865	10.735
3.075	11.215
3.075	11.275
2.895	10.885
2.835	10.735
2.835	10.735
2.685	10.735
2.685	10.675
2.835	11.005
2.835	11.155
POLYLINE BLACK
2.625	10.645
2.595	10.585
2.745	10.585
2.805	10.555
2.925	10.585
2.985	10.525
2.985	10.855
3.075	11.125
3.285	11.635
3.075	11.515
2.745	11.125
2.625	10.945
2.565	10.885
2.535	10.765
2.505	10.705
POLYLINE BLACK
3.465	10.675
3.495	10.615
3.285	10.195
3.165	10.015
3.315	10.015
3.585	10.045
3.645	10.045
3.735	10.165
3.735	10.285
3.795	10.495
3.795	10.555
3.645	10.645
3.345	10.705
3.255	10.675
POLYLINE BLACK
2.175	10.375
1.905	9.865
1.935	9.805
2.415	9.805
2.475	9.775
2.535	9.835
2.505	9.985
2.505	10.315
2.475	10.405
2.325	10.495
2.055	10.525
POLYLINE BLACK
5.505	13.405
5.535	13.255
5.505	13.135
5.505	13.015
5.595	12.925
5.805	12.925
5.925	12.955
5.985	12.955
6.105	13.315
6.195	13.465
6.165	13.525
5.625	13.465
5.505	13.495
POLYLINE BLACK
1.605	13.045
1.485	12.445
1.485	12.205
1.515	12.085
1.635	12.025
1.785	12.175
1.905	12.415
2.025	12.865
2.175	13.195
2.175	13.495
1.965	13.555
1.785	13.375
POLYLINE BLACK
0.405	11.755
0.375	11.695
0.405	11.575
0.405	11.425
0.495	11.245
0.855	11.305
0.915	11.335
0.825	11.485
0.825	11.635
0.975	12.115
1.005	12.235
0.645	12.115
0.555	12.055
POLYLINE BLACK
1.215	14.425
1.215	14.545
1.395	14.845
1.455	15.055
1.575	15.175
1.605	15.265
POLYLINE BLACK
1.035	14.005
1.065	14.065
POLYLINE BLACK
0.855	13.585
0.915	13.675
POLYLINE BLACK
0.645	13.075
0.675	13.135
POLYLINE BLACK
0.435	12.535
0.435	12.595
0.495	12.655
POLYLINE BLACK
0.255	12.115
0.285	12.235
POLYLINE BLACK
0.075	11.695
0.075	11.755
POLYLINE BLACK
-0.075	11.125
-0.045	11.245
POLYLINE BLACK
-0.345	10.615
-0.345	10.555
-0.225	10.765
POLYLINE BLACK
1.005	8.095
0.975	7.945
0.945	8.065
0.945	8.155
0.975	8.275
1.005	8.545
1.095	8.725
1.185	9.115
1.245	9.235
1.245	9.325
1.305	9.445
1.305	9.535
1.395	9.775
1.425	9.895
1.545	10.345
1.725	10.945
1.785	11.185
1.905	11.425
1.965	11.695
2.025	11.845
2.055	12.085
2.295	12.775
2.625	13.465
2.655	13.585
2.835	13.945
2.865	14.095
3.045	14.515
3.075	14.635
3.105	14.695
POLYLINE BLACK
5.285	9.605
5.245	9.625
5.245	9.585
5.285	9.565
5.325	9.585
5.325	9.625
5.365	9.665
5.445	9.625
POLYLINE BLACK
5.305	9.165
5.225	9.165
5.305	9.145
5.385	9.225
5.385	9.305
5.185	9.205
POLYLINE BLACK
5.125	8.685
5.225	8.705
5.285	8.765
5.305	8.905
POLYLINE BLACK
5.085	6.965
5.025	7.045
4.965	7.285
4.945	7.625
4.945	8.065
4.965	8.105
4.965	8.205
5.005	8.465
5.025	8.805
5.025	9.085
5.045	9.265
5.125	9.505
5.125	9.565
5.185	9.685
5.205	9.765
5.265	9.985
5.265	10.045
5.285	10.085
5.285	10.205
5.325	10.525
5.365	10.685
5.365	10.785
5.385	10.925
5.385	11.025
5.425	11.305
5.465	11.545
5.465	11.605
5.485	11.685
5.505	11.765
5.565	11.925
5.585	12.045
5.705	12.425
5.725	12.525
5.785	12.685
5.985	12.645
6.065	12.625
6.125	12.505
6.145	12.365
6.145	12.225
6.065	11.745
5.905	11.305
5.725	10.525
5.585	9.825
5.545	9.545
5.545	9.385
5.525	9.145
5.525	8.205
5.505	8.165
5.505	7.965
5.485	7.745
5.485	7.385
5.465	7.185
5.465	6.985
5.485	6.805
5.465	6.725
5.305	6.865
5.165	6.945
5.125	6.925
POLYLINE BLACK
3.285	8.565
3.205	8.365
3.185	8.125
3.345	8.545
3.265	8.405
3.245	8.305
3.385	8.645
3.285	8.305
3.285	8.225
3.385	8.525
3.405	8.465
3.385	8.325
3.345	8.185
3.345	8.145
3.385	8.185
3.385	8.245
3.405	8.285
3.365	8.305
3.325	8.265
3.225	8.225
3.085	8.205
POLYLINE BLACK
3.065	8.185
3.085	8.145
3.125	8.145
3.345	8.025
3.385	8.025
3.385	8.345
3.465	8.765
3.485	8.845
3.225	8.505
3.125	8.285
3.085	8.245
3.085	8.205
3.045	8.165
3.105	8.165
POLYLINE BLACK
1.265	5.725
1.165	5.605
0.965	5.485
1.005	5.465
1.245	5.445
1.285	5.405
1.325	5.425
1.265	5.725
POLYLINE BLACK
2.125	5.545
2.085	5.445
2.005	5.365
2.045	5.345
2.105	5.365
2.205	5.345
2.325	5.425
2.305	5.525
2.265	5.565
2.185	5.565
POLYLINE BLACK
1.725	6.045
1.665	5.965
1.665	5.925
1.765	5.925
1.885	5.965
1.885	6.085
1.865	6.185
1.825	6.205
1.805	6.165
POLYLINE BLACK
2.105	6.925
2.105	6.885
2.005	6.725
1.965	6.625
2.045	6.585
2.245	6.585
2.325	6.645
2.345	6.705
2.285	6.845
2.205	6.905
2.165	6.905
POLYLINE BLACK
1.305	6.685
1.265	6.685
1.045	6.485
1.305	6.345
1.345	6.345
1.405	6.565
1.365	6.745
1.325	6.765
1.285	6.745
POLYLINE BLACK
1.705	7.425
1.505	7.265
1.525	7.225
1.705	7.205
1.745	7.185
1.825	7.225
1.845	7.325
1.845	7.405
1.745	7.505
1.665	7.505
POLYLINE BLACK
2.545	9.025
2.465	8.965
2.425	8.885
2.465	8.805
2.625	8.845
2.685	8.725
POLYLINE BLACK
2.285	8.725
2.225	8.645
2.245	8.605
2.345	8.585
2.365	8.685
2.305	8.745
2.225	8.785
POLYLINE BLACK
1.905	8.525
1.885	8.485
1.985	8.365
2.125	8.505
2.165	8.525
2.165	8.565
POLYLINE BLACK
1.685	8.505
1.685	8.465
1.505	8.385
1.405	8.245
1.345	8.025
1.345	7.945
1.525	7.765
1.645	7.825
1.685	7.825
1.925	8.025
1.965	8.025
2.065	8.105
2.205	8.165
2.505	8.445
2.585	8.505
2.665	8.525
2.865	8.665
3.025	8.805
3.065	8.805
3.205	8.965
3.245	9.085
3.205	9.085
2.925	9.285
2.905	9.365
2.845	9.305
2.645	9.205
2.545	9.205
2.385	9.105
2.145	8.925
1.965	8.745
1.805	8.665
1.685	8.545
1.585	8.485
POLYLINE BLACK
4.525	6.865
4.425	6.725
4.545	6.745
4.545	6.785
4.585	6.745
4.645	6.465
4.645	6.425
4.605	6.325
4.525	6.245
4.345	6.225
POLYLINE BLACK
4.265	6.765
4.225	6.765
4.185	6.685
4.265	6.665
4.365	6.705
4.365	6.765
4.285	6.825
4.245	6.825
POLYLINE BLACK
3.885	7.065
3.905	7.025
3.845	6.965
3.785	6.685
3.885	6.725
4.065	6.725
4.145	6.705
4.165	6.665
POLYLINE BLACK
0.465	9.965
0.425	9.985
0.445	9.765
0.505	9.565
0.545	9.225
0.545	9.085
0.605	8.965
0.965	9.225
1.005	9.205
1.025	9.245
0.985	9.365
0.925	9.905
0.925	10.105
0.905	10.185
0.845	10.445
0.805	10.465
0.705	10.425
0.545	10.225
POLYLINE BLACK
0.265	8.105
0.245	7.985
0.145	7.705
0.105	7.365
0.085	7.165
0.065	6.965
0.105	6.805
0.185	6.825
0.405	6.985
0.585	7.105
0.605	7.305
0.705	7.765
0.705	7.865
0.685	8.025
0.725	8.145
0.685	8.245
0.545	8.325
0.425	8.305
0.185	8.185
POLYLINE BLACK
-0.395	10.105
POLYLINE BLACK
-0.615	9.645
-0.555	9.785
POLYLINE BLACK
-0.815	9.045
-0.775	9.085
-0.775	9.125
-0.735	9.245
POLYLINE BLACK
-0.855	8.605
-0.835	8.685
POLYLINE BLACK
-0.855	8.205
-0.835	8.285
-0.835	8.325
POLYLINE BLACK
-0.635	7.665
-0.655	7.765
POLYLINE BLACK
-0.515	7.305
-0.535	7.385
POLYLINE BLACK
-0.415	7.005
-0.415	7.065
POLYLINE BLACK
-0.235	6.625
-0.275	6.725
POLYLINE BLACK
-0.035	6.265
-0.095	6.365
-0.095	6.425
POLYLINE BLACK
0.065	5.925
0.045	6.045
POLYLINE BLACK
0.285	5.525
0.285	5.525
0.225	5.585
POLYLINE BLACK
3.865	3.145
3.805	3.045
3.765	2.825
3.725	2.745
3.725	2.685
3.725	2.685
3.725	2.785
3.805	3.105
3.825	3.045
3.765	2.685
3.765	2.645
3.805	2.685
3.905	3.065
3.905	3.005
3.785	2.565
3.825	2.625
3.905	2.865
3.905	2.665
3.925	2.525
3.905	3.085
3.965	2.565
3.945	2.605
POLYLINE BLACK
3.905	3.265
3.865	3.125
3.805	2.905
3.805	2.845
3.665	2.505
3.805	2.465
3.885	2.485
4.005	2.445
4.045	2.445
4.065	2.525
4.045	2.665
4.045	2.805
3.985	3.025
3.985	3.105
3.965	3.205
POLYLINE BLACK
5.465	2.805
5.445	2.725
5.445	2.465
5.485	2.585
5.485	2.685
5.465	2.645
5.465	2.505
5.485	2.465
5.525	2.585
5.525	2.665
5.525	2.665
5.545	2.585
5.545	2.485
5.565	2.405
5.525	2.685
5.585	2.505
5.585	2.585
5.545	2.685
5.545	2.745
5.505	2.785
5.525	2.705
5.585	2.565
POLYLINE BLACK
5.505	2.985
5.465	2.945
5.465	2.885
5.445	2.805
5.445	2.545
5.405	2.365
5.485	2.385
5.685	2.425
5.725	2.405
5.725	2.445
5.665	2.545
5.485	2.965
POLYLINE BLACK
6.225	3.145
6.205	3.185
6.265	2.845
6.265	2.845
6.225	3.125
6.205	3.165
6.285	2.925
6.305	3.025
6.305	3.125
6.365	2.965
6.345	3.145
6.365	3.005
6.385	2.925
POLYLINE BLACK
6.145	3.325
6.185	3.205
6.225	2.885
6.225	2.785
6.245	2.745
6.405	2.885
6.485	2.905
6.525	2.865
6.365	3.065
6.305	3.165
6.165	3.325
POLYLINE BLACK
5.305	2.165
5.285	1.965
5.245	1.645
5.205	1.485
5.225	1.425
5.325	1.405
5.485	1.405
5.605	1.425
5.685	1.385
5.805	1.485
5.865	1.625
6.045	1.845
5.925	1.945
5.805	2.025
5.705	2.145
5.225	2.045
POLYLINE BLACK
5.005	3.065
4.925	3.085
4.825	3.065
4.725	3.025
4.585	2.865
4.585	2.785
4.625	2.685
4.805	2.665
4.985	2.685
5.065	2.705
5.065	2.825
5.085	2.965
5.065	3.065
5.025	3.085
4.925	3.045
POLYLINE BLACK
5.365	3.745
5.185	3.465
5.365	3.365
5.505	3.325
5.585	3.245
5.645	3.325
5.705	3.565
5.745	3.665
5.705	3.705
5.625	3.725
5.405	3.705
5.285	3.665
5.245	3.685
POLYLINE BLACK
8.665	4.525
8.645	4.445
8.565	4.245
8.445	4.085
8.285	4.005
8.045	3.985
7.825	3.945
7.625	3.925
7.425	3.825
7.245	3.665
7.105	3.465
7.025	3.245
POLYLINE BLACK
8.685	4.485
8.685	4.485
8.745	4.925
8.785	5.105
8.805	5.185
8.885	5.345
8.925	5.505
8.945	5.585
8.985	5.805
POLYLINE BLACK
0.465	5.245
0.485	5.185
0.505	5.365
0.525	5.445
0.525	5.585
0.545	5.665
0.545	5.885
0.565	6.005
0.565	6.165
0.605	6.365
0.605	6.465
0.685	6.885
0.745	7.185
0.885	7.605
0.905	7.685
0.945	7.845
1.065	8.245
POLYLINE BLACK
0.805	4.725
0.845	4.645
0.745	4.745
0.585	4.905
0.525	5.025
0.525	5.205
POLYLINE BLACK
2.205	3.465
2.225	3.425
2.185	3.245
POLYLINE BLACK
1.925	3.545
1.885	3.425
POLYLINE BLACK
1.485	3.625
1.445	3.445
POLYLINE BLACK
1.185	3.725
1.165	3.565
1.145	3.525
POLYLINE BLACK
0.845	3.825
0.885	3.745
0.885	3.425
POLYLINE BLACK
0.605	3.905
0.625	3.845
0.705	3.785
0.945	3.705
1.065	3.665
1.105	3.685
1.145	3.665
1.245	3.685
1.365	3.685
1.525	3.645
1.605	3.645
1.685	3.625
1.845	3.605
1.885	3.605
1.925	3.565
2.005	3.565
2.085	3.545
2.165	3.525
2.325	3.405
2.345	3.365
POLYLINE BLACK
0.905	1.325
0.885	1.225
0.745	0.925
0.745	0.885
0.785	0.885
0.925	0.945
1.125	0.925
1.205	0.865
1.245	0.865
1.245	1.045
1.185	1.185
1.085	1.245
0.945	1.245
POLYLINE BLACK
0.585	2.185
0.585	2.245
0.625	2.085
0.625	1.925
0.685	1.925
0.845	1.965
0.885	1.965
0.905	2.045
0.865	2.185
0.745	2.285
0.645	2.245
POLYLINE BLACK
1.665	1.985
1.665	1.945
1.505	1.705
1.425	1.625
1.505	1.605
1.685	1.465
1.765	1.585
1.805	1.745
1.805	1.885
1.785	1.965
1.745	1.985
POLYLINE BLACK
1.785	2.865
1.545	2.585
1.745	2.585
1.865	2.525
1.925	2.585
1.945	2.725
1.925	2.805
1.785	2.845
POLYLINE BLACK
0.865	3.245
0.865	3.205
0.685	2.985
0.785	2.845
0.885	2.785
0.925	2.785
0.965	2.825
1.005	3.085
0.965	3.205
0.925	3.245
0.825	3.205
POLYLINE BLACK
1.465	4.325
1.505	4.165
1.505	4.065
1.525	4.025
1.525	3.925
1.545	3.785
1.565	3.625
1.605	3.605
1.725	3.645
1.805	3.625
1.925	3.665
2.005	3.645
2.025	3.825
2.065	3.945
2.005	4.025
1.965	4.205
1.865	4.305
1.745	4.365
1.565	4.365
POLYLINE BLACK
1.405	4.165
1.445	4.125
POLYLINE BLACK
2.285	3.145
2.365	2.965
2.385	3.045
2.445	3.165
2.465	3.365
2.465	3.585
2.445	3.665
2.405	3.865
2.425	3.905
2.465	3.885
POLYLINE BLACK
0.565	3.885
0.625	3.765
0.665	3.805
0.665	3.885
0.765	4.125
0.785	4.225
0.865	4.385
0.905	4.605
0.885	4.645
POLYLINE BLUE
-6.555	4.115
POLYLINE BLUE
-8.055	3.615
-7.955	3.365
POLYLINE BLUE
-6.655	2.815
POLYLINE BLUE
-6.855	4.015
-6.955	3.565
POLYLINE BLUE
-5.805	8.365
-5.705	8.115
-5.805	7.315
-5.705	6.915
-5.705	6.815
-5.905	6.365
-6.005	6.265
-6.155	5.515
-6.505	4.865
-6.555	5.065
-6.605	5.615
-6.605	5.715
-6.655	5.515
-6.705	4.815
-6.705	4.715
-6.455	4.715
-6.155	4.815
-5.955	4.965
POLYLINE BLUE
-6.855	8.265
-6.755	7.965
-6.755	7.715
-6.905	7.165
POLYLINE BLUE
-7.205	8.115
-7.055	7.465
-6.805	6.715
-6.255	7.215
POLYLINE BLUE
-5.755	12.065
-5.805	11.865
-6.005	11.465
-6.055	11.165
-6.155	10.965
-6.155	10.665
-6.055	10.165
-6.455	9.565
-6.655	9.065
-6.655	8.615
-6.605	7.915
-6.605	7.715
POLYLINE BLUE
-5.155	11.365
-5.705	8.265
POLYLINE BLUE
-4.005	13.115
-4.555	12.465
-5.155	11.465
-5.455	10.565
-5.555	10.415
-5.905	8.715
-5.955	8.265
POLYLINE BLUE
-3.355	13.415
-3.305	13.315
-3.355	13.165
-3.955	12.315
-4.455	11.465
-5.005	9.915
-5.205	8.715
POLYLINE GREEN
-6.605	15.865
-6.605	16.215
-6.355	16.815
-6.155	16.765
-6.105	16.665
-6.105	16.665
-6.005	16.765
-5.905	16.765
-5.805	16.615
-5.755	16.315
-5.855	16.015
-5.855	15.865
-6.205	15.515
-6.305	15.515
-6.405	15.715
POLYLINE GREEN
-7.155	14.965
-7.005	14.765
-6.805	14.965
-6.455	15.665
POLYLINE GREEN
-6.905	15.065
-6.805	15.015
-6.705	15.115
-6.505	15.515
POLYLINE GREEN
-3.005	17.315
-3.305	16.915
-3.355	16.715
-3.205	16.465
-3.005	16.465
-3.005	16.465
-3.055	16.115
-2.905	15.915
-2.705	15.915
-2.455	16.015
-2.305	16.315
-2.155	16.115
-1.955	16.165
-1.805	16.365
-1.755	16.715
-1.805	16.615
-1.755	16.515
-1.555	16.815
-1.655	17.165
-1.855	17.215
-1.855	17.215
-1.855	17.465
-1.955	17.665
-2.305	17.765
-2.455	17.615
-2.405	17.715
-2.555	17.915
-2.705	17.915
-3.205	17.515
POLYLINE GREEN
-2.255	14.515
-2.205	14.715
-2.255	15.165
-2.255	15.315
-2.205	15.415
-2.205	15.615
-2.105	16.065
POLYLINE GREEN
-2.255	14.415
-2.405	14.865
-2.405	15.615
-2.255	15.915
-2.205	16.165
POLYLINE GREEN
-3.155	12.665
-2.955	12.165
-2.805	12.915
-2.805	13.215
-2.755	13.315
-2.705	13.115
-2.605	13.015
-2.555	13.615
-2.505	13.715
-2.405	13.665
-2.405	13.815
-2.305	14.115
-2.205	13.915
POLYLINE GREEN
-3.355	11.965
-3.305	12.065
-3.355	12.565
POLYLINE GREEN
-2.255	14.115
-2.205	14.365
POLYLINE GREEN
-2.605	13.165
-2.505	13.465
POLYLINE GREEN
-2.805	12.265
-2.755	12.715
POLYLINE GREEN
-3.105	11.615
-3.055	11.815
POLYLINE GREEN
-3.255	11.165
-3.255	11.165
POLYLINE BLACK
-9.780	10.090
-9.280	10.290
-8.580	10.790
-8.480	10.790
-8.330	10.990
-8.230	10.990
-7.680	11.690
-7.430	12.190
-7.430	12.390
-7.130	13.240
-7.030	13.640
-6.880	14.040
-6.780	14.590
-6.780	14.990
-6.830	15.190
-6.830	15.340
-6.880	15.440
POLYLINE BLACK
-4.280	3.990
-4.080	4.590
-4.080	5.740
-4.030	5.940
-3.930	6.640
-3.880	6.840
-3.880	7.090
-3.730	7.690
-3.730	7.840
-3.630	8.240
-3.530	8.790
-3.480	9.240
-3.380	9.690
-3.330	10.140
-3.280	10.340
-3.180	11.140
-3.080	11.540
-2.930	12.190
-2.680	12.740
-2.630	12.940
-2.230	13.790
-2.130	14.190
POLYLINE BLACK
-6.460	9.950
POLYLINE BLACK
-10.330	9.170
-10.270	9.110
-9.940	9.470
-9.880	9.470
-9.640	9.770
-9.550	9.980
-9.520	10.040
POLYLINE BLACK
-6.730	1.820
-6.610	1.700
-6.070	2.240
-5.860	2.030
-5.860	1.970
-5.980	1.880
-6.430	1.700
-6.550	1.580
POLYLINE BLACK
-7.990	1.610
-7.720	1.880
-7.450	2.090
-7.330	2.120
-7.210	2.090
-6.880	1.700
-6.820	1.670
POLYLINE BLACK
-9.580	1.670
-9.550	1.610
-9.490	1.640
-9.430	1.580
-9.370	1.610
-9.160	1.550
-9.040	1.580
-8.590	1.580
-8.470	1.550
-8.350	1.550
-8.140	1.610
-8.020	1.610
-7.960	1.580
-7.900	1.640
-7.810	1.640
-7.750	1.670
-7.600	1.640
-7.450	1.700
-7.390	1.670
-7.270	1.700
-7.210	1.670
-6.940	1.670
-6.820	1.640
-6.640	1.640
-6.580	1.670
-6.520	1.640
-6.310	1.640
-6.040	1.700
-5.920	1.730
-5.740	1.730
-5.290	1.940
-4.990	2.120
-4.840	2.330
-4.570	2.600
-4.420	2.840
-4.300	3.110
-4.300	3.170
-4.240	3.290
-4.240	3.380
-4.150	3.560
-4.060	4.010
-4.060	4.130
POLYLINE BLACK
-11.440	1.430
-11.380	1.460
-11.290	1.610
-11.020	1.970
-10.990	2.090
-10.840	2.240
-10.780	2.270
-10.660	2.240
-10.540	2.270
-10.450	2.180
-10.360	1.940
-10.180	1.640
-10.120	1.520
POLYLINE BLACK
-11.620	5.060
-11.500	4.970
-11.230	5.240
-10.990	5.750
-10.990	5.840
-10.870	6.140
-10.870	6.290
-10.720	6.740
-10.720	6.830
-10.540	7.550
-10.360	8.180
-10.270	8.420
-10.240	8.690
-10.090	9.230
-10.060	9.290
POLYLINE BLACK
-11.470	5.150
-11.440	5.090
-11.380	5.090
-11.230	5.270
-10.990	5.690
POLYLINE BLACK
-13.690	4.310
-13.690	4.190
-13.630	4.220
-13.570	4.190
-13.390	4.250
-13.270	4.220
-13.150	4.250
-13.030	4.250
-12.910	4.280
-12.790	4.250
-12.610	4.220
-12.490	4.430
-12.490	4.730
-12.370	4.700
-11.950	4.820
-11.860	4.790
-11.680	4.850
-11.560	4.880
-11.380	4.940
-11.200	5.090
-11.140	5.090
POLYLINE BLACK
-14.260	3.710
-14.260	3.650
-14.200	3.770
-14.230	3.890
-14.230	4.130
-14.170	4.190
-13.930	4.220
-13.810	4.190
-13.750	4.220
-13.630	4.190
-13.450	4.190
POLYLINE BLACK
-14.230	3.770
-14.200	3.410
-14.140	3.350
-13.930	3.320
-13.870	3.260
-13.750	3.290
-13.540	3.230
-13.480	3.230
POLYLINE BLACK
-13.270	3.230
-13.300	2.990
-13.270	2.720
-13.240	2.660
-13.270	2.600
POLYLINE BLACK
-13.390	2.630
-13.360	2.510
-13.240	2.480
-13.120	2.480
-13.060	2.450
-13.000	2.480
-12.820	2.420
-12.640	2.420
-12.430	2.450
-12.310	2.390
POLYLINE BLACK
-12.160	2.480
-12.070	2.360
-12.070	2.300
-11.890	2.000
-11.800	1.820
-11.770	1.700
-11.650	1.550
-11.590	1.550
-11.530	1.490
-11.380	1.490
-11.140	1.400
-10.960	1.430
-10.900	1.400
-10.780	1.430
-10.600	1.460
-10.540	1.430
-10.360	1.490
-10.240	1.490
-10.120	1.520
-10.000	1.520
-9.820	1.640
-9.760	1.610
-9.640	1.640
-9.520	1.610
-9.460	1.640
POLYLINE CONNECT
-9.370	2.180
3.821	7.699
POLYLINE BLACK
-4.065	-4.905
-3.975	-4.830
-3.945	-4.770
-3.945	-4.740
-3.900	-4.680
-3.870	-4.665
-3.855	-4.635
-3.825	-4.635
-3.795	-4.605
-3.735	-4.605
-3.675	-4.590
-3.645	-4.590
-3.555	-4.710
-3.435	-4.890
-3.390	-4.950
-3.360	-4.950
POLYLINE BLACK
-4.035	-4.890
-4.020	-4.950
-4.050	-4.950
-4.080	-4.965
-4.110	-4.950
-4.170	-4.965
-4.200	-4.965
-4.260	-4.980
-4.290	-4.980
-4.320	-4.950
-4.350	-4.965
-4.380	-4.935
-4.410	-4.935
-4.470	-4.800
-4.470	-4.740
-4.485	-4.665
-4.470	-4.605
-4.470	-4.575
-4.425	-4.515
-4.425	-4.485
-4.320	-4.365
POLYLINE BLACK
-4.350	-4.365
-4.290	-4.335
-4.260	-4.335
-4.140	-4.260
-4.110	-4.215
-4.080	-4.230
-3.930	-4.110
-3.900	-4.110
-3.870	-4.095
-3.855	-4.065
-3.765	-4.005
-3.675	-3.930
-3.645	-3.915
-3.630	-3.885
-3.600	-3.870
-3.585	-3.840
-3.525	-3.795
-3.495	-3.720
POLYLINE BLACK
-3.495	-5.010
-3.435	-5.025
-3.285	-4.980
-3.255	-4.965
-3.225	-4.980
-3.165	-4.935
-3.075	-4.965
-3.015	-4.950
-2.985	-4.965
-2.955	-4.950
-2.895	-4.965
-2.805	-4.965
-2.745	-4.980
-2.685	-4.980
-2.655	-4.995
-2.625	-4.965
-2.565	-4.965
-2.535	-4.935
-2.505	-4.950
-2.445	-4.920
-2.445	-4.890
-2.400	-4.830
-2.400	-4.800
-2.370	-4.680
-2.370	-4.485
-2.355	-4.455
-2.370	-4.395
-2.370	-4.365
-2.460	-4.185
-2.520	-4.095
-2.640	-4.005
-2.655	-3.975
-2.865	-3.855
-2.895	-3.855
-2.955	-3.825
-2.985	-3.825
-3.075	-3.795
-3.090	-3.735
-3.090	-3.675
-3.105	-3.645
-3.135	-3.645
-3.195	-3.630
-3.255	-3.630
-3.285	-3.615
-3.345	-3.630
-3.375	-3.630
-3.435	-3.645
-3.495	-3.705
POLYLINE BLACK
-4.030	-4.955
-4.015	-4.985
-3.955	-5.000
-3.925	-4.985
-3.865	-5.015
-3.835	-5.015
-3.805	-5.000
-3.775	-5.015
-3.715	-4.985
-3.685	-5.000
-3.625	-4.985
-3.565	-4.985
-3.505	-5.000
-3.475	-4.985
-3.445	-5.000
-3.415	-4.985
-3.415	-4.955
POLYLINE CONNECT
-3.705	-4.570
0.000	0.000
POLYLINE BLACK
1.080	-0.345
1.080	-0.375
1.095	-0.405
1.095	-0.345
1.140	-0.225
1.230	-0.090
1.230	-0.060
1.350	0.090
1.380	0.105
1.395	0.135
1.455	0.180
1.500	0.240
1.530	0.255
1.575	0.315
1.695	0.405
1.920	0.690
1.995	0.810
2.025	0.840
2.025	0.870
2.055	0.900
2.055	0.930
2.070	0.990
2.070	1.080
2.085	1.155
2.085	1.305
2.100	1.365
2.100	1.740
2.115	1.800
2.115	1.845
2.130	1.905
2.130	2.070
2.145	2.130
2.145	2.205
2.160	2.235
2.160	2.295
2.175	2.355
2.175	2.385
2.250	2.625
2.280	2.685
2.310	2.820
2.385	2.985
2.445	3.075
2.445	3.105
2.475	3.180
POLYLINE BLACK
0.690	3.855
0.735	3.765
0.735	3.705
0.705	3.690
0.675	3.615
0.600	3.495
0.570	3.435
0.570	3.405
0.525	3.345
0.525	3.315
0.465	3.210
0.390	3.045
0.390	3.015
0.345	2.955
0.345	2.925
0.240	2.715
0.240	2.670
0.210	2.610
0.195	2.475
0.180	2.415
0.180	2.385
0.165	2.325
0.150	2.190
0.135	2.130
0.120	1.995
0.105	1.965
0.105	1.890
0.090	1.830
0.090	1.800
0.060	1.710
0.060	1.665
-0.015	1.545
-0.045	1.485
-0.045	1.455
-0.060	1.395
-0.090	1.365
-0.090	1.335
-0.165	1.170
-0.195	1.155
-0.195	1.125
-0.255	1.020
-0.285	1.005
-0.360	0.885
-0.390	0.855
-0.405	0.810
-0.495	0.690
-0.495	0.660
-0.540	0.570
-0.540	0.540
-0.570	0.480
-0.570	0.450
-0.585	0.390
-0.570	0.315

ELEVATION
STATIONS
0.000	0.000	1.0
3.854	0.758	1.1
8.595	1.689	1.2
16.169	-0.572	1.3
24.083	-4.328	1.4
9.317	1.912	1.5
13.320	3.227	1.6
20.715	5.817	1.7
25.400	5.032	1.8
9.540	-24.180	1.5
SHOTS
20.715	5.817	25.400	5.032
25.400	5.032	24.998	5.147
25.400	5.032	25.241	6.556
25.400	5.032	25.471	3.267
25.400	5.032	23.896	3.828
25.400	5.032	25.912	3.662
13.320	3.227	20.715	5.817
20.715	5.817	20.870	5.677
20.715	5.817	20.702	6.395
20.715	5.817	20.875	4.229
20.715	5.817	20.405	3.809
8.595	1.689	13.320	3.227
13.320	3.227	13.641	2.774
13.320	3.227	13.620	3.648
13.320	3.227	13.900	3.763
13.320	3.227	14.372	3.476
13.320	3.227	13.632	7.540
13.320	3.227	13.292	2.587
13.320	3.227	19.225	4.341
8.595	1.689	9.317	1.912
9.317	1.912	3.009	2.986
9.317	1.912	9.293	1.210
9.317	1.912	-0.213	6.505
9.317	1.912	7.283	7.236
9.317	1.912	5.831	15.342
9.317	1.912	11.852	10.147
9.317	1.912	13.464	7.426
9.317	1.912	26.960	4.872
9.317	1.912	26.784	4.949
9.317	1.912	17.016	-4.192
9.317	1.912	26.742	4.946
16.169	-0.572	24.083	-4.328
24.083	-4.328	24.361	-4.270
24.083	-4.328	23.809	-2.470
24.083	-4.328	23.313	-4.082
24.083	-4.328	24.075	-5.513
24.083	-4.328	26.559	-5.534
24.083	-4.328	25.978	-5.633
24.083	-4.328	24.900	-3.979
24.083	-4.328	17.956	-1.890
8.595	1.689	16.169	-0.572
16.169	-0.572	15.242	-0.112
16.169	-0.572	16.068	-1.338
16.169	-0.572	15.947	-0.574
16.169	-0.572	15.344	7.231
16.169	-0.572	15.875	3.953
16.169	-0.572	16.944	-1.899
16.169	-0.572	14.409	-0.152
3.854	0.758	8.595	1.689
8.595	1.689	9.130	3.705
8.595	1.689	7.780	3.569
8.595	1.689	9.962	8.676
8.595	1.689	8.673	1.143
8.595	1.689	7.642	1.902
8.595	1.689	7.936	4.427
8.595	1.689	7.882	13.845
8.595	1.689	4.578	1.695
8.595	1.689	4.505	1.206
8.595	1.689	7.516	2.046
0.000	0.000	3.854	0.758
3.854	0.758	3.590	0.755
3.854	0.758	3.963	0.532
3.854	0.758	3.789	-0.597
3.854	0.758	3.572	1.675
0.000	0.000	-0.010	0.039
0.000	0.000	0.154	0.034
0.000	0.000	0.005	0.906
0.000	0.000	-0.008	-0.549
9.540	-24.180	14.077	-23.106	
9.540	-24.180	9.401	-24.882	
9.540	-24.180	16.254	-19.587	
9.540	-24.180	11.192	-18.856	
9.540	-24.180	13.780	-10.750	
9.540	-24.180	10.379	-15.945	
9.540	-24.180	7.949	-18.666	
9.540	-24.180	-1.566	-21.220	
9.540	-24.180	-1.423	-21.143	
9.540	-24.180	-0.429	-30.284	
9.540	-24.180	-1.457	-21.146	
POLYLINE BLACK
8.440	-16.705
8.440	-16.930
8.590	-17.230
POLYLINE BLACK
7.915	-15.805
8.215	-16.480
POLYLINE BLACK
7.840	-15.655
7.840	-15.805
POLYLINE BLACK
7.315	-15.055
7.315	-15.205
POLYLINE BLACK
6.640	-13.630
6.865	-14.530
POLYLINE BLACK
6.265	-12.655
6.340	-13.105
6.415	-13.255
POLYLINE BLACK
6.040	-11.980
6.040	-12.130
6.115	-12.280
POLYLINE BLACK
5.665	-11.005
5.665	-11.230
5.740	-11.380
POLYLINE BLACK
5.590	-9.955
5.590	-10.630
POLYLINE BLACK
5.665	-8.680
5.665	-9.130
5.740	-9.280
POLYLINE BLACK
4.765	-6.505
5.440	-7.255
5.440	-7.405
5.365	-7.705
5.290	-8.305
POLYLINE BLACK
6.865	-17.605
7.240	-18.355
7.540	-18.355
7.840	-18.280
8.290	-17.905
8.440	-17.905
9.190	-17.005
9.565	-16.705
9.640	-16.555
9.790	-16.555
10.090	-16.405
10.165	-16.255
10.465	-16.030
10.540	-15.880
10.540	-15.430
10.465	-15.280
10.465	-14.605
10.390	-14.455
10.390	-14.230
10.315	-13.930
10.315	-13.630
10.165	-13.330
9.865	-13.105
9.715	-12.805
9.115	-12.130
8.965	-11.830
9.115	-11.080
9.115	-10.630
8.740	-9.880
8.740	-9.730
8.365	-9.280
7.990	-8.305
7.465	-7.705
7.165	-7.030
POLYLINE BLACK
-3.560	-18.430
-3.710	-18.580
-3.635	-18.730
-3.185	-18.730
-2.960	-18.805
-2.360	-18.730
-2.210	-18.805
-1.460	-18.805
-1.010	-18.730
-0.710	-18.880
-0.335	-18.880
-0.035	-18.805
0.115	-18.805
0.640	-18.580
0.940	-18.580
1.465	-18.430
1.915	-18.430
2.065	-18.505
2.365	-18.505
2.590	-18.580
3.040	-18.580
3.190	-18.505
3.790	-18.505
3.940	-18.430
4.090	-18.505
4.465	-18.505
5.065	-18.580
5.365	-18.655
5.515	-18.655
5.665	-18.580
5.815	-18.655
6.115	-18.505
6.265	-18.580
6.415	-18.505
6.565	-18.580
6.715	-18.430
7.015	-18.430
7.165	-18.505
7.465	-18.355
7.615	-18.505
POLYLINE BLACK
-1.835	-20.755
-1.835	-20.905
-2.135	-20.905
-2.285	-20.755
-2.585	-20.830
-2.960	-20.755
-3.110	-20.830
-3.560	-20.680
POLYLINE BLACK
-0.635	-28.630
-0.110	-28.330
0.865	-27.130
1.765	-26.455
1.840	-26.305
2.290	-26.005
2.440	-26.005
2.590	-25.630
2.815	-25.330
2.365	-24.730
2.215	-24.655
2.140	-24.505
1.615	-24.280
1.465	-24.280
1.240	-23.980
1.090	-23.980
0.790	-23.755
0.715	-23.605
0.715	-23.605
0.565	-23.605
0.490	-23.455
0.340	-23.455
0.040	-23.230
-0.110	-23.230
-1.160	-21.880
-1.610	-21.580
-1.835	-21.280
-1.985	-21.205
POLYLINE BLACK
10.915	0.695
POLYLINE BLACK
16.165	0.470
POLYLINE BLACK
11.965	-2.530
POLYLINE BLACK
9.490	-24.205
9.640	-24.730
9.340	-24.805
9.190	-24.805
8.890	-25.180
8.740	-25.255
8.665	-25.405
8.515	-25.480
8.440	-25.705
7.840	-25.855
7.690	-25.855
7.390	-26.005
7.240	-26.005
7.090	-26.080
7.015	-26.230
6.565	-26.455
6.415	-26.455
5.665	-27.055
5.365	-27.055
5.215	-26.980
4.465	-27.505
4.315	-27.505
3.265	-28.480
2.965	-28.705
2.815	-28.705
2.665	-28.855
2.515	-28.855
2.065	-29.230
1.915	-29.230
1.615	-29.455
1.465	-29.455
1.315	-29.605
1.015	-29.605
0.865	-29.755
0.715	-29.755
0.415	-29.905
0.115	-29.905
-0.185	-30.130
-0.335	-30.130
POLYLINE GREEN
13.615	-4.705
13.315	-4.705
12.940	-5.155
12.940	-5.305
13.390	-5.380
13.990	-4.855
13.690	-4.255
12.715	-4.480
12.265	-5.155
12.640	-5.455
13.240	-5.155
13.465	-4.555
13.015	-4.405
12.565	-5.080
13.090	-5.605
14.140	-5.380
14.440	-4.855
13.990	-4.555
13.465	-5.155
13.915	-5.605
14.965	-5.305
15.190	-5.080
15.190	-5.230
15.415	-5.530
15.490	-5.005
14.740	-4.405
13.615	-4.030
12.940	-4.255
13.690	-4.480
14.215	-4.330
13.390	-5.005
13.240	-5.230
13.240	-5.530
POLYLINE GREEN
13.090	-6.280
12.790	-6.280
12.565	-6.655
12.715	-6.655
12.415	-7.105
12.265	-7.105
12.190	-6.955
12.190	-6.730
12.115	-6.505
11.965	-6.505
11.890	-6.355
12.190	-6.205
12.265	-6.055
12.190	-5.905
11.965	-5.755
11.665	-5.830
11.815	-5.755
12.040	-5.230
11.665	-4.780
11.365	-4.855
11.290	-5.155
11.440	-5.155
11.890	-4.855
11.965	-4.330
11.665	-3.805
11.365	-3.580
10.990	-3.655
10.840	-3.805
11.065	-3.880
11.590	-3.805
12.115	-3.355
12.115	-3.205
11.965	-3.280
11.965	-3.430
12.190	-3.655
12.490	-3.655
12.640	-3.580
12.865	-3.205
12.565	-3.655
12.715	-3.955
13.090	-3.955
13.540	-3.730
13.540	-3.580
13.390	-3.430
13.165	-3.580
13.165	-3.730
13.690	-3.805
13.915	-3.580
13.765	-3.430
13.615	-3.505
13.615	-3.805
13.765	-3.955
14.290	-3.805
14.590	-3.505
14.590	-3.355
14.440	-3.280
14.365	-3.430
14.515	-3.505
14.815	-3.430
15.040	-3.205
15.040	-3.055
14.365	-2.905
13.840	-3.205
14.140	-3.655
15.265	-3.880
15.415	-3.805
15.190	-4.105
15.640	-4.330
15.790	-4.330
15.640	-4.405
15.790	-4.480
15.940	-4.330
15.715	-5.005
16.015	-5.005
16.165	-4.855
15.190	-5.455
15.040	-5.830
14.890	-5.755
14.590	-5.755
14.290	-6.130
14.440	-6.355
14.965	-6.205
14.815	-6.355
14.290	-6.505
14.065	-6.805
14.215	-6.730
14.290	-6.430
13.840	-6.280
13.690	-6.355
13.915	-6.580
14.215	-6.430
14.440	-6.130
14.440	-5.980
14.290	-5.830
POLYLINE BROWN
13.765	-6.355
13.765	-6.505
13.690	-6.805
13.615	-7.555
13.615	-8.380
13.765	-8.905
13.765	-9.505
POLYLINE BROWN
13.765	-10.555
13.240	-10.555
13.090	-10.480
12.940	-10.180
12.940	-9.880
13.015	-9.580
13.015	-9.430
13.090	-9.130
13.090	-8.455
13.015	-8.155
13.015	-8.005
13.240	-7.555
13.240	-7.405
13.090	-6.805
13.090	-6.280
POLYLINE BLACK
13.840	-10.780
13.765	-10.480
13.765	-9.880
13.915	-9.355
14.215	-9.130
14.215	-8.830
14.290	-8.455
14.290	-8.305
POLYLINE BLACK
14.290	-17.455
14.365	-17.605
14.740	-17.155
15.040	-17.080
15.190	-16.930
15.340	-16.930
15.415	-16.780
15.565	-16.780
15.865	-16.330
15.865	-16.180
15.715	-15.880
15.715	-15.580
15.565	-15.430
15.565	-15.130
15.940	-14.680
15.940	-14.830
15.865	-14.680
16.015	-14.230
15.940	-13.930
15.940	-13.780
15.790	-13.480
15.790	-13.330
15.640	-13.255
15.415	-12.280
15.265	-12.205
15.265	-12.055
14.665	-11.680
14.590	-11.380
14.290	-10.930
14.140	-10.930
13.840	-10.705
POLYLINE BLACK
16.990	-19.105
17.440	-19.855
17.290	-19.855
16.840	-19.705
16.690	-19.855
16.540	-19.705
16.240	-19.780
15.940	-19.555
15.490	-19.555
15.340	-19.630
15.040	-19.555
14.890	-19.555
14.740	-19.630
14.440	-19.405
14.065	-18.655
14.065	-18.355
14.290	-17.980
14.290	-17.830
14.365	-17.530
POLYLINE BLACK
17.440	-19.480
16.990	-19.705
16.840	-19.705
POLYLINE BLACK
19.015	-19.405
18.415	-19.630
POLYLINE BLACK
19.840	-19.330
19.690	-19.330
19.390	-19.405
POLYLINE BLACK
19.690	-22.630
19.990	-22.555
20.140	-22.555
POLYLINE BLACK
18.190	-22.555
18.340	-22.555
18.490	-22.705
POLYLINE BLACK
16.990	-22.480
17.140	-22.555
17.440	-22.480
17.590	-22.630
POLYLINE BLACK
8.815	-23.830
9.040	-24.130
9.115	-24.430
9.340	-24.730
9.340	-24.880
9.490	-24.805
9.640	-24.880
10.090	-24.655
10.390	-24.655
11.590	-24.355
11.740	-24.430
12.040	-24.205
12.340	-24.205
13.690	-23.230
13.840	-23.080
13.990	-23.080
14.440	-22.930
14.815	-22.930
15.265	-22.630
15.415	-22.630
15.565	-22.555
15.715	-22.630
16.465	-22.405
POLYLINE CONNECT
9.540	-24.180
9.317	1.912
POLYLINE BLACK
8.040	10.650
8.100	10.680
8.400	10.620
8.820	10.650
POLYLINE BLACK
8.310	10.650
8.370	10.530
8.370	10.170
8.430	9.960
POLYLINE BLACK
6.840	10.260
6.960	10.140
7.080	9.840
7.020	9.900
6.870	10.230
6.840	10.620
6.900	10.680
7.050	10.740
7.170	10.740
7.260	10.650
7.260	10.590
7.110	10.440
6.900	10.290
7.020	10.830
7.440	10.290
7.380	10.140
7.380	9.990
7.410	9.930
7.500	9.900
7.710	9.990
7.830	10.230
7.830	10.410
7.770	10.500
7.620	10.500
7.560	10.470
POLYLINE BLACK
8.610	12.540
8.580	12.360
8.580	12.270
8.550	12.210
8.550	12.090
8.520	11.970
8.520	11.880
8.580	12.150
8.580	12.510
8.610	12.600
9.030	12.120
9.150	12.060
9.240	12.060
9.300	12.180
9.300	12.330
9.210	12.660
9.210	12.780
POLYLINE BLACK
7.770	12.270
7.740	12.150
7.920	11.970
8.250	12.000
POLYLINE BLACK
7.890	12.450
7.950	12.420
8.100	12.450
POLYLINE BLACK
7.530	12.480
7.620	12.390
7.830	12.030
7.800	12.450
7.890	12.780
7.950	12.840
8.190	12.780
8.250	12.750
POLYLINE BLACK
7.080	12.360
7.170	12.120
7.260	12.000
7.260	11.940
7.140	12.540
7.200	12.720
7.320	12.750
7.380	12.750
7.470	12.570
7.380	12.360
7.170	12.180
7.140	12.240
7.200	12.300
POLYLINE BLACK
6.780	12.690
6.720	12.720
6.570	12.630
6.360	12.270
6.390	11.970
6.540	11.850
6.690	11.850
6.780	11.970
6.810	12.240
6.810	12.420
6.660	12.570
6.630	12.660
POLYLINE BLACK
4.530	5.400
4.530	5.340
4.590	5.400
4.650	5.640
4.650	5.820
4.710	5.940
4.800	6.450
4.860	6.750
4.950	6.900
5.100	7.290
5.160	7.620
5.310	8.250
5.310	8.400
5.340	8.520
5.310	8.670
5.280	9.000
5.280	9.660
5.250	9.780
5.250	9.930
5.220	10.080
5.070	10.710
5.010	10.830
5.010	10.920
4.500	12.330
3.930	13.590
3.810	13.890
3.720	14.010
3.720	14.070
POLYLINE BLACK
3.480	1.530
3.540	1.590
3.660	1.620
3.900	1.980
4.020	2.250
4.050	2.370
4.170	2.760
4.230	3.090
4.230	3.750
4.200	3.810
4.230	3.930
4.230	4.050
4.350	4.320
4.350	4.470
4.530	4.980
4.680	5.430
4.710	5.550
POLYLINE BLACK
13.530	15.930
POLYLINE BLACK
13.590	16.260
POLYLINE BLACK
12.420	12.210
12.480	12.150
12.480	12.600
12.420	12.930
12.420	13.440
12.510	13.770
12.510	14.370
12.480	14.430
12.630	14.910
12.690	14.970
12.720	15.090
12.870	15.270
13.170	15.690
POLYLINE BLACK
15.330	7.650
15.300	7.710
14.880	7.710
14.670	7.770
14.550	7.770
14.430	7.800
14.310	7.770
13.980	7.860
13.860	7.890
13.680	7.950
13.500	7.980
13.050	8.550
12.810	8.790
12.630	9.030
12.600	9.180
12.480	9.510
12.480	10.380
12.510	10.440
12.420	10.830
12.450	11.040
12.510	11.340
12.510	11.490
12.540	11.610
12.540	12.270
12.570	12.120
POLYLINE BLACK
19.260	3.900
19.170	3.990
19.230	4.020
19.530	3.960
19.800	3.990
19.920	3.990
19.980	3.960
20.070	3.990
20.130	3.960
20.550	4.080
20.640	4.080
20.760	4.050
20.880	4.050
21.000	4.080
21.150	4.080
21.270	3.990
21.480	3.930
21.570	3.930
21.840	3.840
21.930	3.840
22.260	3.720
22.440	3.720
POLYLINE BLACK
14.880	7.770
14.940	7.710
15.090	7.680
15.210	7.650
15.300	7.650
15.360	7.680
15.780	7.620
16.080	7.530
16.350	7.530
16.620	7.440
16.980	7.440
17.280	7.350
17.520	7.350
17.790	7.260
17.910	7.260
18.060	7.200
18.420	7.140
18.630	7.080
18.780	6.990
19.260	6.840
19.680	6.660
19.950	6.570
20.040	6.510
20.310	6.480
20.430	6.450
20.640	6.420
20.940	6.390
21.090	6.330
21.240	6.360
21.660	6.240
21.780	6.270
21.990	6.240
22.290	6.240
22.470	6.180
POLYLINE BLACK
18.630	0.120
18.600	0.060
18.480	0.090
18.330	0.270
18.360	0.540
18.420	0.870
18.420	1.170
18.300	1.530
18.300	1.740
18.360	2.010
18.360	2.370
18.330	2.490
18.300	2.730
18.300	2.910
18.270	3.060
18.300	3.240
18.540	3.540
18.660	3.570
18.840	3.690
18.990	3.840
19.050	3.810
19.230	3.870
19.260	3.810
19.290	3.870
19.350	3.840
POLYLINE BLACK
18.960	-0.150
18.990	-0.210
18.930	-0.150
18.870	-0.150
18.750	-0.060
18.510	0.000
18.450	0.030
POLYLINE BLACK
21.060	-0.840
21.120	-0.960
21.060	-1.020
20.940	-0.990
20.820	-1.020
20.700	-0.990
20.640	-1.020
20.310	-0.870
19.890	-0.780
19.530	-0.570
19.410	-0.540
19.260	-0.420
19.140	-0.420
19.080	-0.360
19.020	-0.360
18.960	-0.300
POLYLINE BLACK
23.400	-2.190
23.310	-2.070
23.220	-1.860
22.920	-1.560
22.860	-1.410
22.650	-1.200
22.350	-1.080
22.230	-1.080
22.110	-0.990
21.870	-1.080
21.750	-1.080
21.630	-1.110
21.450	-1.110
21.330	-1.140
21.120	-1.080
20.940	-1.080
POLYLINE BLACK
24.960	-3.900
24.900	-3.900
24.630	-3.570
24.420	-3.150
24.150	-2.760
24.030	-2.670
23.970	-2.670
23.790	-2.460
23.340	-2.190
POLYLINE BLACK
26.700	-4.800
26.700	-4.860
26.520	-4.860
26.340	-4.980
25.560	-4.650
25.380	-4.530
25.380	-4.470
25.170	-4.260
25.110	-4.260
24.990	-4.080
24.900	-3.990
POLYLINE BLACK
23.820	-5.100
23.940	-5.310
23.940	-5.370
24.450	-5.610
24.900	-5.760
25.110	-5.760
25.230	-5.790
25.320	-5.790
25.440	-5.820
25.560	-5.850
25.680	-5.940
25.800	-5.970
26.100	-6.180
26.220	-6.210
26.280	-6.210
26.400	-6.300
26.490	-6.300
26.610	-6.390
POLYLINE BLACK
14.730	-0.660
14.730	-0.720
14.910	-0.840
14.970	-0.930
15.090	-0.960
15.150	-1.020
15.270	-1.050
15.690	-1.350
15.750	-1.350
16.050	-1.620
16.770	-2.010
17.190	-2.160
17.370	-2.220
17.430	-2.280
17.550	-2.310
18.210	-2.580
18.330	-2.610
18.450	-2.670
18.510	-2.640
18.840	-2.730
19.080	-2.790
19.260	-2.850
19.470	-2.850
19.740	-2.940
19.860	-2.970
20.100	-3.060
20.220	-3.150
20.400	-3.180
20.520	-3.270
20.640	-3.300
20.760	-3.330
20.820	-3.390
21.000	-3.420
21.090	-3.510
21.330	-3.660
21.390	-3.660
21.510	-3.780
21.660	-3.810
21.960	-4.050
22.170	-4.140
22.350	-4.290
22.500	-4.380
22.710	-4.560
22.770	-4.560
22.950	-4.710
23.100	-4.740
23.190	-4.830
23.340	-4.950
23.610	-5.130
23.910	-5.340
23.970	-5.370
POLYLINE BLACK
8.550	1.710
8.640	1.440
8.640	1.320
8.760	1.290
9.000	1.290
9.150	1.320
9.510	1.020
9.630	1.050
9.900	1.050
10.320	0.840
10.560	0.630
10.680	0.600
10.800	0.510
10.920	0.480
11.190	0.330
11.340	0.330
11.700	0.210
12.360	0.060
12.630	0.030
12.960	-0.060
13.500	-0.300
13.740	-0.450
13.860	-0.480
14.010	-0.510
14.070	-0.510
14.250	-0.660
14.340	-0.660
14.400	-0.720
14.550	-0.720
14.790	-0.840
14.910	-0.870
POLYLINE BLACK
8.460	1.650
8.490	1.710
8.400	1.260
8.460	1.290
8.520	1.260
8.640	1.290
8.670	1.410
8.670	1.530
8.700	1.740
8.580	1.710
POLYLINE BLACK
8.220	1.410
POLYLINE BLACK
8.370	1.590
POLYLINE BLACK
4.410	0.630
4.410	0.510
4.560	0.480
4.800	0.570
4.920	0.660
5.040	0.660
5.160	0.690
5.220	0.660
5.460	0.720
5.580	0.720
5.760	0.840
5.880	0.840
6.330	1.020
6.570	1.080
6.750	1.170
6.870	1.200
6.930	1.230
7.050	1.170
7.110	1.200
7.170	1.170
7.230	1.200
7.290	1.170
7.410	1.230
7.650	1.230
7.800	1.200
7.980	1.260
8.100	1.230
8.160	1.230
8.310	1.410
8.340	1.320
8.340	1.320
8.340	1.320
8.340	1.320
POLYLINE BLACK
3.390	-0.390
3.540	-0.630
3.660	-0.690
3.840	-0.630
3.960	-0.630
4.140	-0.540
4.260	-0.360
4.290	-0.240
4.350	0.000
4.410	0.390
POLYLINE BLACK
-0.120	-0.150
-0.030	-0.330
-0.030	-0.390
0.090	-0.420
0.330	-0.480
0.390	-0.450
0.510	-0.480
1.260	-0.480
1.320	-0.450
1.560	-0.510
2.070	-0.510
2.190	-0.540
2.400	-0.510
2.520	-0.540
2.640	-0.540
2.880	-0.600
2.940	-0.570
3.060	-0.630
3.120	-0.600
3.300	-0.660
3.660	-0.660
POLYLINE BLACK
-0.060	0.900
-0.040	0.860
-0.040	0.860
0.100	0.860
0.180	0.840
0.220	0.860
0.300	0.840
0.380	0.840
0.460	0.860
0.540	0.860
0.620	0.880
0.700	0.880
0.940	0.940
1.040	0.940
3.580	1.540
